2 0.01809375 0.3323611111111111 0.022609375000000004 0.040027777777777766
2 0.170484375 0.3108611111111111 0.023093750000000003 0.03245833333333334
2 0.3206640625 0.2941666666666667 0.020062499999999962 0.03448611111111109
2 0.7627421875 0.23308333333333334 0.019406249999999937 0.03144444444444443
2 0.910984375 0.21208333333333332 0.020656250000000043 0.029708333333333316
2 0.985203125 0.19944444444444442 0.023281250000000142 0.03663888888888888
2 0.8848750000000001 0.5588194444444444 0.026390625000000157 0.04052777777777771
2 0.8076640625 0.5732083333333333 0.02139843749999999 0.03872222222222221
2 0.7290546875 0.5811527777777777 0.02466406249999995 0.03752777777777775
2 0.41612499999999997 0.6246527777777777 0.019898437500000022 0.036944444444444474
2 0.33880468750000003 0.6357638888888889 0.0201171875 0.03824999999999995
2 0.259375 0.648125 0.01974999999999998 0.037194444444444405
2 0.097203125 0.6716527777777778 0.016914062500000004 0.036708333333333266
2 0.0139296875 0.6833333333333333 0.0160859375 0.03829166666666674
1 0.097953125 0.33444444444444443 0.053695312500000016 0.018333333333333316
1 0.1753515625 0.6455833333333333 0.054757812500000023 0.017569444444444412
1 0.47265625 0.28479166666666667 0.05092968750000004 0.014847222222222218
1 0.8410234375 0.23531944444444444 0.049460937499999955 0.018166666666666643
1 0.957203125 0.5364722222222222 0.056578125000000055 0.017819444444444502
2 0.494734375 0.6160555555555556 0.019242187500000084 0.03894444444444439