1 0.060890625 0.39459722222222227 0.028078125 0.013111111111111186
1 0.24583593750000002 0.43552777777777774 0.02782031250000001 0.0119305555555556
1 0.617671875 0.5177083333333333 0.027632812499999916 0.014361111111111156
1 0.81075 0.5599583333333333 0.029203125000000087 0.014888888888888927
1 0.9535937499999999 0.7848611111111111 0.03067187500000017 0.017916666666666792
1 0.7454765625 0.7347777777777778 0.030226562500000043 0.016694444444444418
1 0.54490625 0.6878194444444444 0.027999999999999935 0.014222222222222235
1 0.1577109375 0.5980833333333333 0.027828125000000002 0.016180555555555524
2 0.028968749999999998 0.37979166666666664 0.018507812499999998 0.02183333333333337
2 0.10321093750000002 0.39575 0.013718750000000002 0.01868055555555562
2 0.14028125 0.4032777777777778 0.0134765625 0.019416666666666693
2 0.17572656250000002 0.41330555555555554 0.011898437500000015 0.020361111111111066
2 0.2864765625 0.43659722222222225 0.013671875 0.020722222222222166
2 0.323234375 0.4436805555555555 0.012796874999999996 0.022138888888888965
2 0.35915625 0.45361111111111113 0.014726562500000017 0.022875000000000038
2 0.5826718750000001 0.5014166666666666 0.011812499999999915 0.02290277777777779
2 0.659234375 0.5201666666666667 0.01257812499999993 0.023277777777777765
2 0.6968593750000001 0.5271666666666667 0.013437500000000036 0.02020833333333327
2 0.735171875 0.5361527777777777 0.012976562499999922 0.02066666666666666
2 0.7749140625 0.5446388888888889 0.010898437500000035 0.020111111111111135
2 0.8521484375 0.56325 0.013898437499999972 0.023875000000000077
2 0.8918125 0.5722777777777778 0.0143437500000001 0.02598611111111116
2 0.9323046875 0.5799305555555556 0.013265625000000014 0.022166666666666716
2 0.037640625 0.580375 0.014335937500000007 0.0246388888888889
2 0.07633593749999999 0.5890694444444444 0.013742187500000003 0.022930555555555544
2 0.11514843749999999 0.5987638888888889 0.01429687500000001 0.021611111111111036
2 0.1921796875 0.6145555555555556 0.015093749999999994 0.02449999999999998
2 0.23142187500000003 0.6241527777777778 0.013796874999999976 0.0277638888888889
2 0.27047656249999996 0.6320277777777777 0.012140624999999971 0.022791666666666623
2 0.38575 0.6610833333333334 0.014921875000000018 0.025125000000000043
2 0.4244296875 0.6711805555555556 0.01515625000000007 0.02461111111111115
2 0.46275781250000003 0.6781527777777777 0.014882812499999964 0.023097222222222217
2 0.501875 0.6869722222222222 0.01235937499999995 0.02552777777777777
2 0.580859375 0.7056666666666666 0.012679687500000014 0.021874999999999922
2 0.620609375 0.7149444444444444 0.01281250000000007 0.024513888888888936
2 0.660484375 0.7246527777777778 0.014171875000000079 0.026402777777777765
2 0.70134375 0.7331527777777778 0.014328124999999936 0.02587500000000015
2 0.7839921875 0.7533749999999999 0.01283593750000005 0.02247222222222231
2 0.8243281250000001 0.7640694444444445 0.012929687500000142 0.02397222222222221
2 0.8664765624999999 0.7742916666666667 0.01387500000000017 0.026111111111111047
2 0.9084687499999999 0.784513888888889 0.014499999999999957 0.023430555555555403
2 0.993625 0.8043333333333333 0.012750000000000128 0.022277777777777726
4 0.35668750000000005 0.1890416666666667 0.168 0.09105555555555556
4 0.7098749999999999 0.2653611111111111 0.18628124999999995 0.09004166666666664