2 0.05973437499999999 0.4694583333333333 0.009242187500000009 0.018944444444444427
2 0.089984375 0.4677638888888889 0.012492187500000007 0.02066666666666666
2 0.1182734375 0.4660416666666667 0.011804687500000011 0.021041666666666636
2 0.14721875 0.4629583333333333 0.012429687500000019 0.02123611111111106
2 0.20364062500000002 0.4603611111111111 0.012187500000000018 0.018583333333333327
2 0.2330390625 0.45920833333333333 0.011585937500000032 0.020083333333333384
2 0.2602265625 0.4564722222222223 0.011960937499999958 0.023305555555555517
2 0.287578125 0.4552777777777778 0.010609375000000032 0.02102777777777776
2 0.342390625 0.44981944444444444 0.0126953125 0.02038888888888882
2 0.36941406250000003 0.4499166666666667 0.011632812499999989 0.0205833333333334
2 0.396203125 0.44575 0.012250000000000006 0.01861111111111108
2 0.4232890625 0.4467777777777778 0.012023437500000077 0.02322222222222226
2 0.47614062500000004 0.43854166666666666 0.011804687499999921 0.019472222222222196
2 0.504390625 0.43850000000000006 0.009617187499999957 0.019388888888888938
2 0.5294609375 0.43604166666666666 0.01107812500000005 0.01956944444444449
2 0.557265625 0.43459722222222225 0.010867187500000064 0.017944444444444388
2 0.6109375 0.4309583333333334 0.012148437499999965 0.02177777777777771
2 0.6361796875 0.4288194444444444 0.011226562499999915 0.0191111111111111
2 0.7428828125 0.4205833333333333 0.012335937499999972 0.017930555555555512
2 0.7689609374999999 0.4181944444444445 0.011257812500000065 0.015666666666666627
2 0.795203125 0.4174583333333333 0.010765624999999978 0.018013888888888926
2 0.8231484375000001 0.4148472222222222 0.011546875000000156 0.01790277777777776
2 0.9051015625 0.40797222222222224 0.012976562500000099 0.019402777777777817
2 0.9319609375000001 0.4061111111111111 0.011968750000000129 0.018236111111111106
2 0.9601484375 0.40324999999999994 0.0120234374999999 0.01719444444444444
2 0.987671875 0.5049583333333333 0.013500000000000156 0.02379166666666666
2 0.9595625 0.5084444444444445 0.011671875000000043 0.02056944444444437
2 0.92853125 0.5097638888888889 0.014742187499999915 0.020652777777777784
2 0.8702421875 0.5142638888888889 0.013414062500000056 0.019499999999999948
2 0.840859375 0.5164861111111111 0.015484375000000128 0.022652777777777702
2 0.81384375 0.5190416666666666 0.015843750000000156 0.021416666666666608
2 0.7830390625 0.5207777777777778 0.013632812500000036 0.024874999999999956
2 0.7268749999999999 0.5250972222222222 0.013679687499999992 0.019527777777777703
2 0.6991562499999999 0.5278611111111111 0.01264062500000005 0.02123611111111106
2 0.67034375 0.5294166666666666 0.011554687499999971 0.020541666666666618
2 0.6416484375 0.5328194444444444 0.012148437499999965 0.01843055555555553
2 0.58528125 0.5368888888888889 0.013218750000000057 0.025305555555555595
2 0.556453125 0.5374444444444444 0.012820312500000064 0.020055555555555632
2 0.5281875 0.5395416666666667 0.013546874999999936 0.016597222222222284
2 0.49976562500000005 0.5420277777777778 0.012531249999999971 0.01776388888888884
2 0.44308593749999997 0.5466111111111112 0.012968749999999928 0.018013888888888926
2 0.414734375 0.5499027777777777 0.013374999999999915 0.022736111111111117
2 0.385875 0.5534583333333334 0.012367187500000033 0.021875
2 0.298390625 0.5582777777777778 0.012742187499999957 0.023555555555555607
2 0.2694921875 0.5612916666666666 0.011476562500000042 0.021930555555555505
2 0.2388125 0.5619861111111111 0.012390625000000011 0.02205555555555555
2 0.209765625 0.56575 0.010843749999999996 0.024486111111111104
2 0.148203125 0.5716249999999999 0.010109374999999999 0.019694444444444376
2 0.117796875 0.5747777777777777 0.012273437499999984 0.022180555555555592
2 0.0867734375 0.5758888888888889 0.014656249999999992 0.021861111111111123
2 0.055625 0.5802638888888889 0.0124765625 0.025513888888888895
1 0.030375000000000003 0.4751666666666667 0.021914062499999998 0.010027777777777816
1 0.023859375 0.5772777777777778 0.029117187499999996 0.01129166666666666
1 0.176875 0.4651527777777778 0.023796874999999985 0.012874999999999975
1 0.1800625 0.5635694444444445 0.024445312500000017 0.008680555555555556
1 0.3152421875 0.4561527777777778 0.022812500000000034 0.008888888888888858
1 0.3276015625 0.5513472222222222 0.02463281249999998 0.008402777777777714
1 0.450640625 0.4454444444444445 0.020203124999999923 0.011652777777777758
1 0.4700078125 0.5409722222222222 0.02315625000000008 0.011833333333333309
1 0.5848046874999999 0.4364305555555556 0.02157031249999992 0.011444444444444457
1 0.6122265625 0.5293749999999999 0.024125000000000084 0.010805555555555518
1 0.7164843750000001 0.42727777777777776 0.023679687499999956 0.008374999999999962
1 0.7537421875 0.51825 0.02232031249999995 0.008374999999999962
1 0.8521953124999999 0.4157777777777778 0.023117187500000115 0.007027777777777702
1 0.8978984375 0.5071666666666667 0.022195312499999887 0.010388888888888914
1 0.9895625000000001 0.4047222222222222 0.02086718750000003 0.007819444444444438
3 0.5869140625 0.08966666666666667 0.010765624999999978 0.11119444444444444
3 0.366296875 0.10691666666666667 0.014531250000000018 0.11900000000000001
3 0.941078125 0.9550000000000001 0.023499999999999945 0.08999999999999994
4 0.37006250000000007 0.7519583333333333 0.1553046875 0.07930555555555543
4 0.046320312499999995 0.3382638888888889 0.0926328125 0.06158333333333338
4 0.5412421875 0.3049305555555556 0.09735937499999991 0.03575000000000001
4 0.6838828125 0.7244305555555556 0.14614062499999997 0.05126388888888892
4 0.8004140625 0.28738888888888886 0.11987500000000004 0.044152777777777805