3 0.1695859375 0.043277777777777776 0.019664062500000013 0.08654166666666667
5 0.5230625 0.04 0.009554687500000015 0.035055555555555555
2 0.0256640625 0.6849305555555555 0.011601562499999999 0.01902777777777784
2 0.0920703125 0.6685 0.013164062499999995 0.02194444444444438
2 0.12575 0.6605 0.013640624999999984 0.019361111111111187
2 0.1580078125 0.6539027777777778 0.010273437499999982 0.0222361111111111
2 0.1900546875 0.6466805555555556 0.01121875000000001 0.01765277777777783
2 0.25370312500000003 0.6314027777777778 0.012578125000000018 0.014791666666666635
2 0.28471875 0.6242083333333334 0.012968750000000018 0.01866666666666674
2 0.31536718750000003 0.6173888888888889 0.011695312500000022 0.018055555555555554
2 0.34628125 0.61025 0.011968750000000038 0.017569444444444412
2 0.40653125 0.5958749999999999 0.011742187499999978 0.01616666666666665
2 0.43663281249999997 0.5897777777777777 0.012726562499999972 0.021458333333333395
2 0.4654375 0.5828611111111112 0.013648437500000022 0.019624999999999993
2 0.4948984375 0.5753333333333334 0.013218750000000057 0.016208333333333276
2 0.5542578125000001 0.5634861111111111 0.011757812499999964 0.018416666666666654
2 0.5831875 0.5556944444444445 0.014812500000000029 0.018041666666666678
2 0.6419921875 0.5429583333333333 0.014234375000000021 0.016694444444444418
2 0.70009375 0.5302638888888889 0.013687499999999986 0.016138888888888894
2 0.7307109374999999 0.5238333333333334 0.01392187499999995 0.019583333333333366
2 0.75771875 0.5170555555555555 0.013359374999999929 0.017625000000000075
2 0.786265625 0.5099722222222223 0.014148437499999921 0.016888888888888846
2 0.0448984375 0.5345694444444444 0.012859375000000006 0.01959722222222224
2 0.076171875 0.5280277777777778 0.012539062500000009 0.018124999999999936
2 0.107421875 0.5209305555555556 0.011601562500000018 0.01824999999999998
2 0.138484375 0.5147638888888889 0.012023437499999989 0.018416666666666654
2 0.1991484375 0.5022638888888888 0.00980468750000001 0.017555555555555536
2 0.2296953125 0.4970277777777778 0.010726562500000014 0.018708333333333372
2 0.2582734375 0.48943055555555554 0.009898437499999968 0.015138888888888858
2 0.28809375 0.4840277777777778 0.010468749999999982 0.0150555555555556
2 0.34564062500000003 0.46995833333333337 0.011406250000000017 0.019097222222222224
2 0.3754609375 0.4645972222222222 0.011703125000000014 0.018236111111111106
2 0.4034765625 0.4583472222222222 0.0119140625 0.01877777777777775
2 0.432515625 0.4526527777777778 0.011289062500000035 0.01847222222222216
2 0.48924218750000004 0.4405694444444444 0.011671875000000043 0.017458333333333402
2 0.5162578124999999 0.43409722222222225 0.012484375000000015 0.017666666666666705
2 0.5444453125 0.42773611111111115 0.012328124999999978 0.017611111111111043
2 0.5725859375 0.42130555555555554 0.010531250000000015 0.016013888888888852
2 0.6272421875 0.4102638888888889 0.010203124999999957 0.01729166666666673
1 0.014976562500000002 0.5461527777777778 0.0251328125 0.013374999999999995
1 0.05792968750000001 0.6713749999999999 0.026640624999999994 0.013333333333333365
1 0.2201171875 0.6335972222222223 0.024945312499999962 0.014861111111111174
1 0.1710078125 0.5133194444444444 0.025757812500000022 0.016916666666666597
1 0.319875 0.4820694444444444 0.024734374999999975 0.010555555555555587
1 0.3747578125 0.5984166666666667 0.025242187500000048 0.011069444444444482
1 0.6684609375 0.5320555555555555 0.023585937500000043 0.011319444444444413
1 0.602765625 0.42020833333333335 0.023921874999999915 0.009930555555555524
4 0.1081953125 0.32894444444444443 0.14265625 0.05969444444444443
4 0.38715625 0.2770694444444445 0.12917187500000002 0.05383333333333332
4 0.32417187499999994 0.8594722222222223 0.16171093749999996 0.0888194444444445
4 0.646109375 0.7813611111111112 0.154078125 0.07558333333333343