5 0.5115390625 0.14480555555555558 0.006476562499999972 0.020541666666666656
5 0.3211484375 0.10641666666666667 0.0057656249999999964 0.021638888888888905
3 0.6408437499999999 0.08388888888888889 0.011054687500000071 0.10722222222222223
2 0.23205468749999997 0.5130138888888889 0.013015624999999975 0.019291666666666648
2 0.25579687500000003 0.5188333333333334 0.012234374999999974 0.017208333333333315
2 0.2790078125 0.5246527777777777 0.012968750000000018 0.017416666666666615
2 0.3123125 0.41883333333333334 0.012015624999999997 0.01856944444444445
2 0.3342265625 0.42438888888888887 0.013359375000000017 0.019361111111111187
2 0.3563515625 0.4296666666666667 0.011929687499999985 0.016208333333333276
2 0.3795859375 0.4370972222222222 0.010773437499999972 0.017597222222222167
2 0.3506328125 0.5437638888888888 0.012078125000000028 0.020166666666666642
2 0.37463281249999997 0.5499583333333333 0.012445312499999962 0.02226388888888885
2 0.3989609375 0.5546805555555555 0.01219531250000001 0.022569444444444444
2 0.4220546875 0.5627083333333333 0.0126953125 0.020291666666666687
2 0.424109375 0.4474861111111111 0.010374999999999978 0.01751388888888891
2 0.4703828125 0.45709722222222227 0.010265625000000079 0.019583333333333366
2 0.49349999999999994 0.46302777777777776 0.011109375000000022 0.020291666666666687
2 0.471375 0.574 0.01096093749999998 0.018875000000000045
2 0.49613281249999996 0.5818333333333333 0.012851562500000035 0.019652777777777745
2 0.5197578125 0.586486111111111 0.013765624999999915 0.022097222222222178
2 0.5444765625 0.5933472222222222 0.012374999999999936 0.01866666666666674
2 0.563953125 0.48066666666666663 0.01146875000000005 0.01788888888888888
2 0.5876328125 0.48559722222222224 0.011812499999999915 0.018236111111111106
2 0.6109765625 0.4907916666666667 0.01023437499999993 0.016041666666666603
2 0.6599765625 0.5038611111111111 0.011812499999999915 0.019124999999999975
2 0.6843125 0.5087777777777778 0.012117187499999993 0.019972222222222218
2 0.595703125 0.6056388888888888 0.011320312500000007 0.01897222222222218
2 0.6215546875 0.6131388888888889 0.01361718750000005 0.020791666666666705
2 0.785484375 0.5335972222222222 0.012398437499999915 0.021569444444444405
2 0.8103671875 0.5389999999999999 0.011976562499999944 0.019791666666666666
2 0.8371562499999999 0.5451805555555556 0.011312500000000014 0.019861111111111048
2 0.8631171875 0.5525833333333333 0.010632812500000099 0.018486111111111037
2 0.806890625 0.6618333333333333 0.011453124999999887 0.019486111111111072
2 0.91690625 0.5647083333333333 0.0126953125 0.022347222222222265
2 0.94471875 0.5715833333333333 0.011546875000000156 0.01977777777777779
2 0.9724296875 0.5776805555555555 0.009843749999999929 0.017069444444444394
2 0.8624296875 0.6752083333333333 0.014421875000000028 0.023375000000000055
2 0.8915390625 0.6836111111111111 0.013421874999999871 0.024486111111111104
2 0.9192578125 0.6914444444444444 0.012890625 0.021513888888888902
2 0.9486015625 0.6974583333333334 0.011093749999999857 0.020958333333333377
1 0.9807265624999999 0.7020277777777777 0.02321093750000003 0.01865277777777771
1 0.8373359375 0.663986111111111 0.021515624999999972 0.012374999999999955
1 0.88790625 0.5626388888888889 0.019203124999999942 0.012472222222222247
1 0.75721875 0.5320555555555555 0.017742187500000027 0.008958333333333396
1 0.7009609375 0.628375 0.018390624999999973 0.014361111111111156
1 0.57309375 0.5949444444444445 0.01813281250000003 0.011569444444444502
1 0.6330078125 0.5008888888888888 0.017617187499999964 0.009916666666666648
1 0.5141796875 0.47308333333333336 0.017421874999999965 0.010361111111111161
1 0.449625 0.5633333333333334 0.018296875000000056 0.01125000000000003
1 0.398921875 0.44454166666666667 0.016640624999999964 0.00933333333333337
1 0.33020312500000004 0.53525 0.015273437499999964 0.009444444444444382
4 0.3267265625 0.7455138888888888 0.10343749999999999 0.06702777777777777
4 0.5927890625 0.81925 0.11918749999999996 0.07661111111111123
4 0.8443359375 0.38926388888888885 0.09917187500000005 0.0595833333333333
4 0.6094999999999999 0.33731944444444445 0.0841796875 0.04722222222222222
4 0.8900937499999999 0.9097222222222222 0.12314843750000008 0.08577777777777776