3 0.48338281250000004 0.8208472222222222 0.015093749999999951 0.06387500000000002
3 0.38317968750000003 0.10345833333333333 0.008875000000000011 0.06833333333333334
3 0.236359375 0.11169444444444444 0.011882812500000029 0.06884722222222221
2 0.0160703125 0.4255555555555555 0.006562499999999999 0.012986111111111143
2 0.053570312499999995 0.4231527777777778 0.006171875000000005 0.01416666666666673
2 0.07225781249999999 0.42093055555555553 0.007820312499999992 0.012833333333333346
2 0.109359375 0.4180833333333333 0.006703124999999988 0.013749999999999969
2 0.127109375 0.41683333333333333 0.006875000000000009 0.012902777777777727
2 0.144265625 0.41523611111111114 0.005859375 0.013013888888888896
2 0.1619375 0.41344444444444445 0.006796874999999991 0.015222222222222272
2 0.334484375 0.40008333333333335 0.0064375000000000075 0.012472222222222247
2 0.3676953125 0.3973333333333333 0.006374999999999975 0.013583333333333296
2 0.3845703125 0.3954861111111111 0.007578125000000035 0.01395833333333327
2 0.40099999999999997 0.3945694444444444 0.006976562500000005 0.01466666666666659
2 0.41770312499999995 0.3926666666666667 0.00736718750000005 0.014500000000000075
2 0.4508671875 0.38983333333333337 0.006382812500000057 0.012833333333333346
2 0.46721874999999996 0.388 0.007249999999999979 0.014416666666666661
2 0.4835 0.3871527777777778 0.0070546874999999785 0.014152777777777854
2 0.499609375 0.38441666666666663 0.006179687500000064 0.013416666666666622
2 0.5322265625 0.3817222222222222 0.007187500000000036 0.014569444444444458
2 0.5646875 0.37947222222222227 0.006562500000000071 0.012583333333333257
2 0.6137265625 0.37355555555555553 0.007968750000000035 0.012902777777777727
2 0.629765625 0.37302777777777774 0.007000000000000029 0.013500000000000038
2 0.6461328125 0.3717361111111111 0.00747656249999995 0.014458333333333288
2 0.6621484375 0.36994444444444446 0.007101562499999936 0.013416666666666622
2 0.6947109375 0.36683333333333334 0.0076718749999999504 0.013736111111111091
2 0.7109687499999999 0.36493055555555554 0.0070546874999999785 0.014361111111111156
2 0.7275234375 0.36368055555555556 0.007421875 0.016138888888888894
2 0.744140625 0.3615833333333333 0.0076015625000000146 0.013694444444444464
2 0.7770078125000001 0.3594305555555556 0.007656249999999964 0.013444444444444415
2 0.7934921875 0.3574166666666666 0.008085937499999928 0.013097222222222192
2 0.8091171875000001 0.35565277777777776 0.0077031250000001 0.014541666666666704
2 0.82559375 0.35440277777777773 0.007843749999999972 0.013861111111111097
2 0.8585859375 0.35063888888888894 0.008093750000000099 0.013583333333333334
2 0.8753203125000001 0.3486388888888889 0.008539062499999871 0.01288888888888885
2 0.8922578124999999 0.34720833333333334 0.008023437499999985 0.01416666666666665
2 0.9090624999999999 0.34600000000000003 0.0076796874999999435 0.013402777777777746
2 0.9425078125 0.3423888888888889 0.008554687499999858 0.014444444444444413
2 0.95996875 0.33958333333333335 0.008046875000000142 0.013402777777777746
2 0.9764687500000001 0.3398333333333333 0.007906249999999915 0.01331944444444441
2 0.9934531249999999 0.33694444444444444 0.008632812500000142 0.013486111111111082
2 0.006921874999999999 0.5156944444444445 0.0083828125 0.01384722222222226
2 0.026257812499999998 0.5141805555555555 0.007882812500000003 0.01584722222222218
2 0.045859375 0.5117916666666666 0.007570312499999998 0.015027777777777846
2 0.0661640625 0.5098194444444444 0.007109374999999996 0.014333333333333403
2 0.1043125 0.5068055555555555 0.007734374999999983 0.016347222222222197
2 0.123734375 0.5048055555555555 0.00710156249999998 0.015291666666666655
2 0.1414609375 0.5037777777777778 0.006757812499999983 0.015708333333333258
2 0.16003125 0.5016111111111111 0.006453124999999993 0.014263888888888864
2 0.1975546875 0.4987222222222222 0.007828124999999986 0.014694444444444501
2 0.21612499999999998 0.4960555555555556 0.006843749999999993 0.014319444444444369
2 0.3059140625 0.488375 0.006953124999999982 0.013833333333333383
2 0.3235703125 0.48615277777777777 0.007390625000000028 0.012694444444444425
2 0.3417578125 0.48418055555555556 0.00694531249999999 0.014486111111111042
2 0.375921875 0.48105555555555557 0.006562499999999982 0.014083333333333314
2 0.393734375 0.47936111111111107 0.006960937499999975 0.014013888888888933
2 0.41096093749999996 0.4787222222222222 0.00736718750000005 0.014361111111111156
2 0.42818750000000005 0.47656944444444443 0.0074140625000000075 0.01584722222222218
2 0.463078125 0.47334722222222225 0.0078125 0.01651388888888887
2 0.4804921875 0.4719583333333333 0.00786718749999995 0.014458333333333288
2 0.49787499999999996 0.4706527777777778 0.0077656250000000425 0.017236111111111067
2 0.5145234375000001 0.46784722222222225 0.00703125 0.013180555555555569
2 0.54903125 0.46552777777777776 0.007796875000000014 0.012763888888888965
2 0.56590625 0.4631388888888889 0.008742187500000043 0.01516666666666661
2 0.58296875 0.46155555555555555 0.0076796874999999435 0.015138888888888858
2 0.5994921875 0.45969444444444446 0.007828124999999986 0.013486111111111162
2 0.634265625 0.45725000000000005 0.007453124999999972 0.014583333333333334
2 0.6506875 0.4550277777777778 0.007375000000000043 0.014194444444444482
2 0.667796875 0.45331944444444444 0.008289062499999921 0.015916666666666718
2 0.6851796875 0.45218055555555553 0.008578125000000015 0.014999999999999937
2 0.71928125 0.44873611111111106 0.007968750000000035 0.016361111111111073
2 0.7367265625 0.4469861111111111 0.008359375000000035 0.015361111111111036
2 0.7532656249999999 0.44536111111111115 0.00806249999999995 0.01516666666666661
2 0.7712890625 0.4440416666666666 0.008765625000000022 0.014430555555555537
2 0.8051328124999999 0.4399166666666667 0.007179687500000043 0.014861111111111174
2 0.8228515625 0.43827777777777777 0.00867187499999993 0.014847222222222298
2 0.8394453125 0.4371805555555555 0.007937499999999886 0.014722222222222255
2 0.8570859375 0.4357638888888889 0.0092656250000001 0.014402777777777783
2 0.9272109374999999 0.4285833333333333 0.008648437500000128 0.01573611111111117
2 0.9446796875000001 0.42702777777777773 0.008164062499999857 0.01313888888888894
2 0.9802421875 0.4238333333333334 0.009726562499999859 0.016152777777777773
2 0.9967812500000001 0.42108333333333337 0.00643749999999983 0.013972222222222146
1 0.0905625 0.42327777777777775 0.01607812500000001 0.0067777777777777715
1 0.0851015625 0.5047222222222222 0.016312499999999997 0.006847222222222153
1 0.180515625 0.4162222222222222 0.01512500000000001 0.005888888888888902
1 0.3516796875 0.40165277777777775 0.014796875000000043 0.00816666666666666
1 0.35846875 0.47897222222222224 0.014210937500000043 0.007472222222222216
1 0.434890625 0.39443055555555556 0.013374999999999915 0.006111111111111079
1 0.44574218749999994 0.4719583333333333 0.015093749999999951 0.007263888888888914
1 0.5167890625 0.38725 0.013062500000000022 0.006652777777777727
1 0.5312890625 0.4633194444444444 0.014632812500000014 0.006694444444444514
1 0.5984140625000001 0.3796527777777778 0.01570312499999993 0.008402777777777714
1 0.6159140625 0.45529166666666665 0.015218750000000014 0.006902777777777816
1 0.6800390625 0.37195833333333334 0.015242187499999994 0.008263888888888953
1 0.7012734375 0.4470833333333333 0.015195312500000035 0.006472222222222178
1 0.7616328125 0.3641805555555555 0.014570312500000071 0.0059583333333332825
1 0.788109375 0.4386527777777778 0.016492187499999922 0.006888888888888939
1 0.8438203124999999 0.35566666666666663 0.01574218750000007 0.006291666666666629
1 0.872796875 0.42965277777777783 0.016054687500000143 0.006305555555555505
1 0.9276562500000001 0.34656944444444443 0.015109375000000114 0.005458333333333343
1 0.9607890625 0.42198611111111106 0.0162968750000001 0.00668055555555548
4 0.09716406250000001 0.3002222222222222 0.06174218749999999 0.03183333333333335
4 0.26266406249999996 0.2897222222222222 0.061328125 0.031374999999999965
4 0.4183828125 0.2785 0.05632812499999997 0.028458333333333346
4 0.570203125 0.26734722222222224 0.059226562499999955 0.034291666666666665
4 0.7243671875000001 0.24972222222222223 0.058554687500000036 0.030847222222222193
4 0.8761328125000001 0.2360833333333333 0.058710937500000074 0.03263888888888889
4 0.8385078125 0.5826527777777778 0.06878906250000014 0.03711111111111115
4 0.6496015625 0.6005555555555555 0.06867968750000006 0.040777777777777795
4 0.4668671875 0.6196805555555556 0.06778124999999999 0.04163888888888891
4 0.27575 0.6399861111111111 0.07154687500000004 0.04234722222222224
4 0.0756015625 0.6650694444444445 0.08086718750000002 0.05001388888888888