2 0.017734375 0.4269027777777778 0.015054687500000002 0.02584722222222224
2 0.0884921875 0.4140833333333333 0.016953124999999993 0.025694444444444443
2 0.1237734375 0.4079861111111111 0.01468750000000001 0.024305555555555556
2 0.192171875 0.39787500000000003 0.012421874999999982 0.02272222222222224
2 0.2596328125 0.3847916666666667 0.013804687499999968 0.02205555555555555
2 0.29382031249999996 0.37948611111111114 0.013210937499999974 0.02322222222222226
2 0.3263203125 0.37466666666666665 0.012531249999999971 0.019472222222222196
2 0.35846093749999997 0.3692638888888889 0.013359375000000017 0.021416666666666608
2 0.42453906249999995 0.35725 0.013078125000000006 0.020930555555555584
2 0.48879687499999996 0.34468055555555555 0.011929687499999985 0.021291666666666646
2 0.52090625 0.33929166666666666 0.013671875 0.021361111111111105
2 0.58478125 0.32733333333333337 0.012414062500000078 0.017027777777777767
2 0.617265625 0.32281944444444444 0.014468749999999985 0.02169444444444445
2 0.64696875 0.3168472222222222 0.013187500000000085 0.021541666666666653
2 0.680296875 0.31130555555555556 0.014171875000000079 0.019291666666666648
2 0.742765625 0.29980555555555555 0.013296874999999986 0.02180555555555554
2 0.7739843750000001 0.29273611111111114 0.013390625000000078 0.020430555555555528
2 0.8046953125 0.28729166666666667 0.01411718750000004 0.020333333333333314
2 0.8366875 0.28218055555555555 0.014078124999999986 0.02088888888888892
2 0.9 0.2693333333333333 0.013546875000000114 0.022416666666666647
2 0.9317500000000001 0.2633888888888889 0.014421875000000028 0.020874999999999963
2 0.9633593749999999 0.2573888888888889 0.013593750000000071 0.021333333333333353
2 0.9944218749999999 0.25077777777777777 0.011156250000000156 0.019875000000000004
2 0.9863359375 0.4052777777777778 0.01485156250000017 0.02379166666666666
2 0.919125 0.41712499999999997 0.015062500000000156 0.023944444444444456
2 0.8854921875 0.42338888888888887 0.014578124999999886 0.024694444444444408
2 0.8523046875 0.4292083333333333 0.01503124999999983 0.02358333333333336
2 0.8183125 0.435625 0.014304687499999958 0.02269444444444449
2 0.75196875 0.4491805555555556 0.013499999999999979 0.02233333333333339
2 0.7188828125 0.45444444444444443 0.012742187499999957 0.022069444444444426
2 0.6855390625 0.46175 0.012515624999999985 0.021972222222222292
2 0.6521015625000001 0.46755555555555556 0.012960937499999936 0.023763888888888907
2 0.585078125 0.48047222222222224 0.0119140625 0.023111111111111093
2 0.551203125 0.4859861111111111 0.015898437499999928 0.02237500000000002
2 0.4835625 0.4990138888888889 0.014781250000000056 0.021930555555555505
2 0.41478125 0.5124027777777778 0.013984375000000071 0.023208333333333383
2 0.380015625 0.5190972222222222 0.013976562499999989 0.024833333333333325
2 0.3460546875 0.526 0.013929687500000032 0.02588888888888887
2 0.1688046875 0.5580694444444444 0.013148437499999988 0.025263888888888964
2 0.1319296875 0.5658333333333333 0.013882812499999985 0.02509722222222229
2 0.057984375 0.5807222222222223 0.012234374999999997 0.02347222222222219
2 0.019914062499999996 0.5875 0.013890624999999998 0.026249999999999968
1 0.0542578125 0.4261944444444445 0.027390625000000002 0.009722222222222222
1 0.09339062500000002 0.5669861111111112 0.031742187500000005 0.013597222222222172
1 0.39420312499999993 0.36741666666666667 0.023046874999999956 0.011847222222222184
1 0.44640625 0.4999444444444444 0.027578124999999964 0.011041666666666729
1 0.555484375 0.33905555555555555 0.023906249999999928 0.010055555555555568
1 0.6149609375 0.4670555555555555 0.025320312500000063 0.01001388888888894
1 0.713765625 0.3092916666666667 0.024281249999999942 0.00841666666666667
1 0.7825234375 0.4369166666666666 0.025500000000000078 0.008597222222222298
1 0.871796875 0.2813333333333333 0.02690625000000004 0.008402777777777794
1 0.94953125 0.4049027777777777 0.02401562499999983 0.008319444444444457
4 0.5462578125 0.7604305555555555 0.14341406249999994 0.08631944444444457
4 0.1648984375 0.8410555555555554 0.150484375 0.09140277777777771
4 0.605234375 0.12404166666666668 0.10921874999999996 0.05970833333333335
4 0.9231953125000001 0.6846944444444445 0.13394531249999986 0.08311111111111108