2 0.9587578125 0.28577777777777774 0.025757812499999845 0.051791666666666694
2 0.8749921875 0.2710694444444444 0.02631249999999987 0.044097222222222225
2 0.7068984375 0.24105555555555555 0.025289062499999914 0.05106944444444442
2 0.6240078125 0.22843055555555555 0.029625000000000058 0.047555555555555566
2 0.5426171875 0.21594444444444444 0.026460937499999913 0.04954166666666669
2 0.45959374999999997 0.20227777777777775 0.025 0.048222222222222264
2 0.29996093749999997 0.17743055555555556 0.028859374999999955 0.051930555555555535
2 0.1347421875 0.14116666666666666 0.02906249999999999 0.04869444444444445
2 0.0556640625 0.1290138888888889 0.0298359375 0.04613888888888889
2 0.2192890625 0.16056944444444446 0.023960937499999967 0.04584722222222223
1 0.38740625 0.17344444444444443 0.05897656250000001 0.024111111111111132
1 0.7951640624999999 0.245125 0.05789843750000001 0.020749999999999998
4 0.51475 0.8612361111111112 0.43128124999999995 0.22247222222222232