2 0.1314140625 0.5289027777777778 0.012132812499999979 0.025291666666666716
2 0.210484375 0.5222083333333334 0.012406249999999997 0.02695833333333329
2 0.2498515625 0.5215416666666667 0.014015625000000042 0.023624999999999986
2 0.2885625 0.5178611111111111 0.013187499999999996 0.024222222222222298
2 0.32711718749999996 0.5162361111111111 0.013718749999999957 0.02493055555555562
2 0.404921875 0.5112222222222222 0.013390625000000034 0.022875000000000038
2 0.4423203125 0.5086805555555556 0.012734374999999964 0.025736111111111074
2 0.5189921875 0.504 0.012382812499999929 0.021333333333333353
2 0.5943359375 0.4973888888888889 0.012156249999999957 0.02301388888888896
2 0.786515625 0.48640277777777774 0.014781250000000056 0.022888888888888913
2 0.8243281250000001 0.4846388888888889 0.013828124999999858 0.024347222222222183
2 0.862578125 0.4812638888888889 0.012656249999999859 0.02552777777777777
2 0.9015234375000001 0.47809722222222223 0.012843750000000043 0.023194444444444507
2 0.9796484375000001 0.47231944444444446 0.0131718750000001 0.022555555555555568
2 0.9506640624999999 0.6524444444444444 0.013328124999999958 0.02609722222222217
2 0.9089921875 0.6536805555555555 0.014375000000000072 0.027583333333333352
2 0.869515625 0.6574722222222222 0.013664062499999829 0.026222222222222216
2 0.8274374999999999 0.6583749999999999 0.013351562500000113 0.02404166666666659
2 0.7040625 0.6665555555555556 0.013078125000000006 0.02449999999999998
2 0.7446015625 0.6630416666666666 0.011999999999999922 0.023430555555555562
2 0.6244140625 0.671138888888889 0.013062500000000022 0.02673611111111111
2 0.543359375 0.6765138888888889 0.01303125000000005 0.024333333333333308
2 0.5029375 0.679763888888889 0.0126953125 0.024111111111111132
2 0.46261718749999997 0.6824444444444444 0.011421874999999915 0.024486111111111104
2 0.34069531249999996 0.6905277777777777 0.010828125000000011 0.024222222222222298
2 0.30041406249999997 0.6948333333333333 0.012859375000000029 0.02741666666666668
2 0.25871093749999996 0.6969166666666666 0.011906250000000007 0.02561111111111119
2 0.21632812499999998 0.7009444444444445 0.012921874999999972 0.028722222222222153
1 0.1710625 0.5325555555555556 0.031234375000000016 0.00852777777777776
1 0.17479687500000002 0.6963194444444445 0.031570312499999975 0.008513888888888883
1 0.38175781249999996 0.6806666666666666 0.029671875000000014 0.009013888888888901
1 0.366703125 0.5201250000000001 0.029171875000000024 0.009861111111111143
1 0.5576328125 0.5082638888888888 0.029296875 0.007999999999999988
1 0.58278125 0.6666388888888889 0.02985156250000003 0.008791666666666724
1 0.7846093749999999 0.6533194444444445 0.031210937499999945 0.00923611111111108
1 0.9428671874999999 0.4825 0.030148437500000114 0.01012499999999995
1 0.9868124999999999 0.6402916666666667 0.02637500000000017 0.004777777777777854