3 0.062109375 0.9506944444444444 0.02265625 0.09861111111111111
3 0.422765625 0.9798611111111111 0.022265625 0.040263888888888905
3 0.57753125 0.06091666666666667 0.013390625000000078 0.12181944444444445
3 0.8728203125 0.09529166666666666 0.012539062500000142 0.12968055555555555
2 0.11425 0.38769444444444445 0.0115234375 0.015222222222222272
2 0.141375 0.3918055555555556 0.010609374999999987 0.015083333333333353
2 0.1688515625 0.39566666666666667 0.011171875000000008 0.017458333333333402
2 0.195203125 0.40013888888888893 0.012249999999999983 0.017819444444444502
2 0.0346953125 0.4892638888888889 0.013617187500000006 0.01820833333333335
2 0.06275 0.49388888888888893 0.013718750000000002 0.02045833333333336
2 0.09146093749999999 0.49802777777777774 0.012710937500000009 0.019833333333333297
2 0.11964843750000001 0.5022083333333333 0.012781250000000011 0.01690277777777772
2 0.17684375000000002 0.5128194444444445 0.012062499999999999 0.020305555555555563
2 0.20538281249999998 0.5180138888888889 0.0111328125 0.0179722222222223
2 0.23396875 0.5223194444444444 0.010781249999999964 0.018763888888888875
2 0.2621171875 0.5255416666666667 0.013007812499999983 0.01687499999999997
2 0.49221875 0.5639583333333333 0.012195312499999921 0.018236111111111106
2 0.5210859375 0.568 0.011421874999999915 0.018805555555555506
2 0.5508437500000001 0.5726388888888889 0.011453125000000064 0.018624999999999954
2 0.6096171874999999 0.5844027777777777 0.012195312499999921 0.020652777777777784
2 0.639421875 0.5895694444444445 0.0134765625 0.01995833333333334
2 0.6691328125 0.5937777777777777 0.012867187500000021 0.017916666666666636
2 0.699046875 0.5985555555555555 0.012257812500000043 0.01955555555555561
2 0.7600703125 0.60825 0.011921874999999993 0.016847222222222215
2 0.7906718749999999 0.6132083333333334 0.011617187499999914 0.018333333333333396
2 0.8225078124999999 0.6191388888888889 0.011015624999999928 0.017736111111111084
2 0.8540078125000001 0.6229861111111111 0.011671875000000043 0.01977777777777779
2 0.91840625 0.6347916666666666 0.012015625000000085 0.020152777777777766
2 0.9512578125 0.6405694444444444 0.012429687499999887 0.01963888888888887
2 0.9839921875 0.6455138888888888 0.012031250000000071 0.019583333333333366
2 0.27759375 0.41344444444444445 0.010531250000000015 0.016638888888888915
2 0.3042890625 0.4178194444444444 0.012367187500000033 0.018916666666666672
2 0.3313671875 0.420625 0.011171874999999965 0.017749999999999964
2 0.5226953125 0.45008333333333334 0.00954687500000002 0.016208333333333276
2 0.5508124999999999 0.4545416666666666 0.011031249999999914 0.01772222222222221
2 0.57865625 0.45955555555555555 0.012164062499999951 0.01981944444444442
2 0.60659375 0.46361111111111114 0.01060156249999995 0.014361111111111156
2 0.6630078125 0.4731527777777778 0.010164062499999993 0.021000000000000005
2 0.6906875 0.4774305555555556 0.012078125000000028 0.020513888888888863
2 0.72040625 0.4811944444444444 0.010437499999999923 0.02237500000000002
2 0.7491328125 0.48711111111111116 0.011421874999999915 0.02112500000000005
2 0.8077890625 0.49572222222222223 0.011664062499999872 0.02002777777777772
2 0.8373984374999999 0.49962500000000004 0.011539062499999985 0.021902777777777754
2 0.8684296874999999 0.5049583333333333 0.009976562499999985 0.019013888888888966
2 0.8984296875 0.5092083333333334 0.009523437500000042 0.021861111111111123
2 0.9603125 0.517875 0.011374999999999958 0.01824999999999998
2 0.991359375 0.5233749999999999 0.010078125000000071 0.019972222222222218
1 0.2203203125 0.4094583333333333 0.020687500000000015 0.012388888888888831
1 0.15138281250000002 0.5039027777777778 0.022804687499999997 0.013486111111111162
1 0.35466406250000004 0.42809722222222224 0.018320312500000036 0.010069444444444445
1 0.491390625 0.45069444444444445 0.021351562499999942 0.012277777777777821
1 0.43629687500000003 0.5491944444444444 0.021867187500000006 0.013583333333333296
1 0.776171875 0.4953888888888889 0.021437500000000043 0.0134305555555555
1 0.7317578124999999 0.5987083333333333 0.022953125000000085 0.013069444444444401
1 0.92684375 0.5184444444444444 0.021812500000000058 0.012027777777777733
1 0.88765625 0.6247777777777778 0.023656250000000156 0.014305555555555492
5 0.31121875 0.10111111111111111 0.006671874999999971 0.027541666666666673
5 0.080734375 0.06381944444444444 0.007531249999999989 0.025652777777777778
4 0.16798437500000002 0.7117222222222223 0.1337265625 0.06645833333333329
4 0.48071875000000003 0.7662361111111112 0.1426796874999999 0.07399999999999997
4 0.8042578125000001 0.8292361111111111 0.15691406249999992 0.08691666666666656
4 0.6963984375 0.3239444444444445 0.127140625 0.06506944444444447