3 0.698359375 0.04915277777777778 0.01107812500000005 0.09829166666666668
3 0.467359375 0.044875000000000005 0.014351562499999915 0.08973611111111113
2 0.080625 0.36706944444444445 0.011687500000000007 0.02012500000000001
2 0.10831249999999999 0.369375 0.011601562500000018 0.019722222222222287
2 0.1351875 0.36986111111111114 0.011273437500000006 0.01820833333333335
2 0.164109375 0.37075 0.008406249999999994 0.020958333333333377
2 0.21872656250000003 0.3745 0.010539062500000007 0.017500000000000033
2 0.2468515625 0.37631944444444443 0.009921875000000035 0.01865277777777771
2 0.27360937500000004 0.3760694444444444 0.010070312499999989 0.018152777777777847
2 0.3008671875 0.3786388888888889 0.01121875000000001 0.02077777777777783
2 0.518921875 0.38718055555555553 0.0076718749999999504 0.01580555555555555
2 0.5453671875 0.3879583333333333 0.009398437499999978 0.018194444444444475
2 0.573109375 0.39011111111111113 0.010117187500000036 0.01877777777777775
2 0.6280546874999999 0.3920555555555555 0.009773437499999992 0.02013888888888889
2 0.6559296875 0.39311111111111113 0.009734375000000028 0.0205833333333334
2 0.68303125 0.3935972222222222 0.010195312499999965 0.021986111111111168
2 0.7112499999999999 0.3951388888888889 0.009742187500000022 0.018847222222222293
2 0.7680859375 0.396875 0.009664062499999914 0.01856944444444445
2 0.7962265625 0.39813888888888893 0.009781250000000075 0.019833333333333297
2 0.8542421875 0.4005972222222222 0.009250000000000114 0.017263888888888818
2 0.9131953125000001 0.4030972222222223 0.011304687499999844 0.018527777777777824
2 0.9421640625000001 0.40315277777777775 0.00956249999999983 0.018624999999999954
2 0.972234375 0.4034861111111111 0.011421874999999915 0.02180555555555562
2 0.9877890624999999 0.5145138888888888 0.010921875000000015 0.021652777777777823
2 0.9558125000000001 0.5127916666666666 0.010164062500000171 0.021958333333333257
2 0.92421875 0.5122083333333334 0.010875000000000056 0.022041666666666675
2 0.861921875 0.5089444444444444 0.009867187500000086 0.018013888888888926
2 0.8295781249999999 0.506986111111111 0.011578125000000128 0.021583333333333284
2 0.7995000000000001 0.507375 0.011406250000000017 0.01861111111111108
2 0.7684375 0.5056666666666666 0.010374999999999978 0.02144444444444452
2 0.7084765625 0.5030277777777777 0.008992187499999993 0.017347222222222236
2 0.6792265625 0.5024722222222222 0.008890625000000086 0.020055555555555632
2 0.6491875 0.498875 0.009117187500000058 0.017708333333333333
2 0.61909375 0.49854166666666666 0.008000000000000007 0.017180555555555563
2 0.5610234375 0.4961388888888889 0.009929687500000029 0.01980555555555554
2 0.5323828125000001 0.49468055555555557 0.010429687499999929 0.0213055555555556
2 0.27035156250000003 0.48301388888888885 0.009171875000000006 0.021083333333333263
2 0.24260937500000002 0.48158333333333336 0.011757812499999964 0.02194444444444438
2 0.212640625 0.4803611111111111 0.01024218750000001 0.020180555555555518
2 0.1824296875 0.47826388888888893 0.0095703125 0.02031944444444444
2 0.12371875000000002 0.47670833333333335 0.012203125000000004 0.0209444444444445
2 0.0938828125 0.475375 0.012226562500000005 0.022027777777777795
2 0.06421875 0.4721666666666666 0.013703124999999993 0.02365277777777774
2 0.0341171875 0.47390277777777773 0.013796874999999997 0.023069444444444462
1 0.05034375 0.3699722222222222 0.021484375 0.0077916666666666854
1 0.009375 0.46597222222222223 0.01875 0.009722222222222222
1 0.1898984375 0.37640277777777775 0.022390624999999997 0.010083333333333321
1 0.3281796875 0.3845277777777778 0.02020312500000001 0.008847222222222229
1 0.3012109375 0.4797222222222222 0.022429687500000028 0.010736111111111137
1 0.46364062500000003 0.38891666666666663 0.020796874999999916 0.008888888888888858
1 0.44653124999999994 0.487 0.023257812499999985 0.008388888888888838
1 0.5996015625 0.39479166666666665 0.019570312499999964 0.00816666666666666
1 0.590015625 0.4925138888888889 0.022859374999999994 0.007611111111111136
1 0.739671875 0.4006527777777778 0.02095312499999995 0.008652777777777803
1 0.7391484375 0.4988194444444444 0.02341406250000002 0.0077361111111111805
1 0.88375 0.4054861111111111 0.0240234375 0.006791666666666648
1 0.8919140625 0.5049444444444444 0.023507812500000114 0.008763888888888812
4 0.6136171874999999 0.25887499999999997 0.0958046874999999 0.05301388888888891
4 0.5720546875 0.6907777777777778 0.119921875 0.07079166666666671
4 0.3511171875 0.2497638888888889 0.11774218749999998 0.05387500000000003
4 0.9199765624999999 0.7132499999999999 0.16003906249999994 0.06869444444444449
4 0.8850703125000001 0.26295833333333335 0.12738281250000014 0.04356944444444445
4 0.11580468749999999 0.2350833333333333 0.10011718750000002 0.04443055555555557