2 0.016234375000000002 0.24141666666666667 0.0123359375 0.025916666666666702
2 0.04625781250000001 0.2379861111111111 0.010453125000000002 0.025944444444444454
2 0.07813281250000001 0.235125 0.010726562499999991 0.02297222222222225
2 0.139859375 0.22652777777777777 0.011992187500000018 0.02304166666666663
2 0.169640625 0.22501388888888887 0.010976562500000009 0.026513888888888854
2 0.1996640625 0.21995833333333334 0.012117187499999993 0.024666666666666653
2 0.23021093750000002 0.21744444444444444 0.009867187499999996 0.01925000000000002
2 0.28953125 0.21115277777777777 0.013179687500000004 0.02237500000000002
2 0.3184453125 0.2075972222222222 0.011374999999999958 0.02297222222222225
2 0.34834375 0.20545833333333335 0.010804687500000031 0.02280555555555558
2 0.37663281249999997 0.20179166666666665 0.011492187500000028 0.02173611111111108
2 0.4342578125 0.1945138888888889 0.0123046875 0.02294444444444442
2 0.4632421875 0.19141666666666665 0.011445312500000072 0.022249999999999975
2 0.49214062500000005 0.18809722222222222 0.011953124999999964 0.02248611111111111
2 0.5209921875 0.18525 0.012374999999999936 0.01955555555555555
2 0.578046875 0.17709722222222224 0.0111328125 0.021138888888888888
2 0.6062421875 0.17502777777777778 0.012398437499999915 0.020152777777777783
2 0.6336484375 0.16975 0.01085937500000007 0.018833333333333337
2 0.663890625 0.1661111111111111 0.01096093749999998 0.021180555555555557
2 0.72053125 0.1593611111111111 0.013539062499999944 0.02144444444444444
2 0.748 0.1555277777777778 0.013515624999999965 0.020652777777777784
2 0.7768046875 0.14966666666666667 0.012273437500000029 0.022180555555555554
2 0.8043203125 0.14629166666666665 0.013132812499999957 0.024208333333333342
2 0.8624296875 0.1375138888888889 0.013007812500000071 0.021527777777777778
2 0.8918359375 0.13418055555555555 0.012437500000000056 0.02063888888888887
2 0.9202890625 0.12965277777777778 0.014000000000000058 0.020499999999999987
2 0.9488359375 0.12591666666666665 0.011859374999999872 0.019263888888888896
2 0.9771640625 0.25730555555555557 0.014328125000000113 0.02191666666666663
2 0.9477656250000001 0.2615138888888889 0.01281250000000007 0.02481944444444445
2 0.9177890625 0.2664722222222222 0.013234375000000043 0.02098611111111113
2 0.8571562500000001 0.2745694444444444 0.011976562499999944 0.022027777777777795
2 0.8266640625000001 0.2782222222222222 0.012914062500000156 0.022458333333333354
2 0.7969140625 0.28275 0.013796874999999976 0.020499999999999987
2 0.7069921875 0.2950138888888889 0.012015625000000085 0.02440277777777777
2 0.67703125 0.29901388888888886 0.011687500000000028 0.02137499999999998
2 0.6468046875 0.30243055555555554 0.013171874999999921 0.024083333333333297
2 0.617015625 0.30648611111111107 0.012437500000000056 0.023944444444444456
2 0.5577578125 0.31493055555555555 0.01157812499999995 0.022930555555555544
2 0.5272265625 0.3191111111111111 0.010367187499999986 0.02304166666666663
2 0.4975546875 0.32233333333333336 0.014265624999999994 0.024597222222222194
2 0.4666328125 0.3267083333333333 0.012031250000000071 0.021722222222222202
2 0.4069296875 0.33325 0.011070312500000058 0.02240277777777777
2 0.3759375 0.3371111111111111 0.011015625000000018 0.023250000000000014
2 0.34484375 0.3421666666666667 0.0130859375 0.0237222222222222
2 0.31530468749999996 0.3461666666666667 0.010843749999999996 0.020402777777777815
2 0.2531796875 0.3529027777777778 0.011679687500000036 0.02318055555555555
2 0.2198046875 0.3562916666666666 0.012390625000000011 0.026222222222222216
2 0.189828125 0.36016666666666663 0.012546875000000002 0.024347222222222183
2 0.15824218750000002 0.3656111111111111 0.011874999999999991 0.02552777777777777
2 0.094015625 0.3729583333333333 0.011531249999999993 0.023388888888888935
2 0.060773437500000006 0.3759722222222222 0.012398437500000003 0.019763888888888914
2 0.0285390625 0.38 0.012593750000000004 0.025152777777777798
1 0.10940625 0.23416666666666666 0.02450000000000001 0.011416666666666705
1 0.1251796875 0.3629722222222222 0.02276562499999999 0.011666666666666634
1 0.26061718749999996 0.2200138888888889 0.024226562499999993 0.012013888888888857
1 0.28235156250000004 0.3439305555555556 0.027453124999999988 0.010750000000000013
1 0.40703125 0.20216666666666666 0.02366406249999997 0.010736111111111137
1 0.43559374999999995 0.3248611111111111 0.021960937499999923 0.012513888888888876
1 0.551171875 0.18631944444444445 0.02223437500000003 0.011555555555555546
1 0.584984375 0.3048472222222222 0.025789062499999994 0.013763888888888924
1 0.692640625 0.16744444444444445 0.02433593750000007 0.010097222222222237
1 0.7342187499999999 0.2849027777777778 0.02388281249999995 0.011027777777777775
1 0.8369765625 0.1483888888888889 0.0236328125 0.0100138888888889
1 0.8846953125000001 0.26481944444444444 0.026015625000000143 0.010777777777777765
1 0.9803984375000001 0.125875 0.024656249999999956 0.010888888888888894
4 0.154828125 0.6035138888888889 0.12692187500000002 0.06408333333333331
4 0.08179687500000002 0.04609722222222222 0.10688281250000001 0.05095833333333333
4 0.365734375 0.025763888888888888 0.10261718749999997 0.051527777777777777