1 0.013117187499999999 0.40305555555555556 0.026226562500000005 0.008041666666666615
1 0.1759765625 0.527986111111111 0.0251484375 0.011194444444444368
1 0.35348437499999996 0.5212083333333333 0.026406249999999964 0.00898611111111115
1 0.35485937500000003 0.39511111111111114 0.022781249999999975 0.010097222222222197
1 0.523625 0.3929305555555556 0.022164062499999915 0.009527777777777796
1 0.53025 0.5189305555555556 0.025492187500000086 0.010736111111111137
1 0.691296875 0.38706944444444447 0.027156249999999993 0.009152777777777822
1 0.7052109375 0.5127638888888889 0.026624999999999944 0.009736111111111098
1 0.8643984375 0.3832361111111111 0.02385937499999997 0.010291666666666623
1 0.8863749999999999 0.5086944444444444 0.028117187499999828 0.009152777777777822
2 0.046718749999999996 0.39705555555555555 0.011257812499999997 0.024083333333333377
2 0.0804609375 0.39402777777777775 0.010624999999999996 0.020541666666666618
2 0.03025 0.5343888888888889 0.011585937499999999 0.022736111111111117
2 0.066640625 0.5347222222222222 0.013468750000000007 0.02215277777777784
2 0.1026171875 0.5361944444444444 0.010992187499999995 0.023819444444444414
2 0.140203125 0.5349444444444444 0.013609375000000012 0.029208333333333295
2 0.21086718750000003 0.531875 0.012507812499999993 0.02258333333333332
2 0.2475703125 0.5315972222222223 0.012375000000000025 0.02472222222222216
2 0.2818984375 0.5307083333333333 0.012265625000000035 0.024194444444444387
2 0.3184296875 0.5299305555555556 0.010187499999999971 0.02390277777777783
2 0.38903125 0.5279027777777777 0.012437499999999968 0.024888888888888832
2 0.38834375 0.390125 0.011671875000000043 0.02504166666666663
2 0.4219375 0.3897361111111111 0.010898437500000035 0.02329166666666664
2 0.4559375 0.3888888888888889 0.008726562500000057 0.020361111111111066
2 0.4892890625 0.3876527777777778 0.011617187499999914 0.022916666666666665
2 0.38860937500000003 0.5277361111111112 0.012312499999999994 0.023305555555555517
2 0.42428125000000005 0.52625 0.011812499999999915 0.023166666666666596
2 0.459359375 0.5268194444444444 0.01060156249999995 0.0277638888888889
2 0.493734375 0.5245277777777778 0.012718749999999978 0.026972222222222165
2 0.56578125 0.523361111111111 0.012523437499999979 0.02620833333333334
2 0.6002500000000001 0.5227638888888889 0.009523437500000042 0.022166666666666716
2 0.6353125000000001 0.5209722222222223 0.009476562500000086 0.026152777777777834
2 0.6698593749999999 0.5175138888888889 0.008390625000000007 0.022999999999999923
2 0.623875 0.38312500000000005 0.010710937500000028 0.020166666666666642
2 0.6571484375 0.38304166666666667 0.010609374999999944 0.021249999999999936
2 0.7264999999999999 0.38066666666666665 0.0111328125 0.02226388888888885
2 0.7598281250000001 0.38131944444444443 0.010374999999999978 0.019083333333333345
2 0.794125 0.38111111111111107 0.011625000000000085 0.022430555555555523
2 0.8275937499999999 0.3803472222222223 0.011226562499999915 0.02088888888888884
2 0.7423046875 0.5197777777777778 0.010070312500000077 0.02250000000000006
2 0.777296875 0.5182083333333334 0.012710937499999986 0.023138888888888844
2 0.8134218750000001 0.5180416666666667 0.011953125000000142 0.026597222222222192
2 0.84965625 0.5151111111111111 0.012804687499999901 0.0257777777777777
2 0.8973359375 0.37525000000000003 0.011765624999999957 0.023319444444444393
2 0.9321171874999999 0.37476388888888884 0.011148437499999986 0.02233333333333339
2 0.96353125 0.37283333333333335 0.011585937499999944 0.021000000000000005
2 0.9208984375 0.5140555555555556 0.013507812499999971 0.02618055555555559
2 0.9595 0.5126388888888889 0.012742187499999957 0.022097222222222178
2 0.9936328124999999 0.5124305555555555 0.010820312499999929 0.020402777777777853
4 0.04710156249999999 0.21847222222222223 0.09419531249999999 0.05222222222222225
4 0.35790625 0.21368055555555554 0.12307031249999997 0.06279166666666663
4 0.6678515625 0.19943055555555556 0.11115624999999998 0.04191666666666668