2 0.0413203125 0.5473333333333333 0.013875000000000004 0.027166666666666592
2 0.12446093750000001 0.5467777777777778 0.01629687500000001 0.02808333333333337
2 0.16703125000000002 0.5458611111111111 0.01319531249999999 0.026236111111111092
2 0.20637500000000003 0.5456527777777778 0.01395312500000001 0.027861111111111034
2 0.246875 0.5455972222222222 0.013609374999999969 0.027750000000000025
2 0.016960937500000002 0.7148055555555555 0.014437500000000002 0.02798611111111116
2 0.1036484375 0.7130277777777778 0.01592968749999999 0.028499999999999973
2 0.14713281250000002 0.7106388888888888 0.01809375000000002 0.03187499999999999
2 0.1892578125 0.7117361111111111 0.016250000000000007 0.03611111111111111
2 0.23139062500000002 0.710125 0.018601562499999957 0.03426388888888883
2 0.4482734375 0.5432361111111111 0.01646093749999995 0.02915277777777779
2 0.360328125 0.7090277777777778 0.01703906249999996 0.03476388888888885
2 0.40254687499999997 0.7104166666666667 0.015835937499999987 0.03206944444444441
2 0.444125 0.708861111111111 0.015046874999999993 0.03240277777777775
2 0.3668359375 0.5407361111111111 0.009437500000000033 0.022097222222222178
2 0.5692421875 0.5426805555555556 0.017750000000000023 0.030069444444444413
2 0.6109765625 0.54275 0.016414062499999993 0.030208333333333334
2 0.6513515625 0.5400277777777778 0.014664062499999986 0.03291666666666673
2 0.7323906250000001 0.5405972222222223 0.014023437500000036 0.03201388888888883
2 0.7737109375 0.5403055555555555 0.01185937500000005 0.029388888888888846
2 0.8146171875 0.5409027777777777 0.013453124999999844 0.02652777777777781
2 0.8555546875 0.5392222222222223 0.01511718749999993 0.02723611111111113
2 0.937921875 0.5389444444444444 0.015968750000000042 0.026680555555555607
2 0.9797421875 0.5404583333333334 0.015953125000000058 0.031736111111111145
2 0.9585390625000001 0.706 0.01782812500000013 0.031236111111111044
2 0.8711796875 0.7069861111111111 0.01426562500000017 0.03680555555555556
2 0.8266171874999999 0.7055277777777778 0.015671874999999957 0.033888888888888934
2 0.784546875 0.7067361111111111 0.015187500000000043 0.038347222222222165
2 0.7422265625 0.7069166666666666 0.013062500000000022 0.028499999999999973
2 0.6573515624999999 0.7074305555555556 0.014054687500000006 0.03156944444444447
2 0.614125 0.7080555555555555 0.01584374999999998 0.03079166666666661
2 0.527015625 0.7077916666666667 0.014656249999999992 0.02822222222222221
1 0.49274218750000004 0.5481527777777778 0.021749999999999936 0.014541666666666704
1 0.4873046875 0.7006111111111111 0.032648437499999974 0.013861111111111137
1 0.6917265625 0.5476527777777778 0.03237500000000004 0.01352777777777779
1 0.699734375 0.7006666666666667 0.03350781250000008 0.01395833333333327
1 0.8979374999999999 0.5470416666666666 0.03456249999999983 0.014347222222222279
1 0.9143593750000001 0.7001805555555556 0.030726562499999943 0.015041666666666724
1 0.081640625 0.5515694444444444 0.030109374999999994 0.011430555555555581
1 0.0609609375 0.7067361111111111 0.03231250000000001 0.01193055555555552
4 0.11284374999999999 0.33370833333333333 0.14342187500000003 0.06016666666666666
4 0.495375 0.3304444444444444 0.13611718750000001 0.061083333333333316
4 0.8717812500000001 0.32734722222222223 0.1444296874999999 0.06976388888888892