2 0.350828125 0.5915416666666667 0.007648437499999971 0.01977777777777779
2 0.38059375 0.5896666666666667 0.008843750000000039 0.01877777777777775
2 0.440421875 0.5868055555555556 0.009070312499999922 0.019291666666666648
2 0.47046875000000005 0.5841527777777777 0.008859374999999937 0.01920833333333339
2 0.5004375 0.5823472222222222 0.008484374999999923 0.017666666666666705
2 0.5299921875 0.5810416666666667 0.009054687499999936 0.020277777777777808
2 0.5894453125 0.5763055555555555 0.01085937500000007 0.021194444444444432
2 0.6194921875 0.5743611111111111 0.010054687499999914 0.02148611111111115
2 0.64746875 0.5724444444444445 0.010976562499999964 0.02077777777777783
2 0.6786640625 0.5710138888888889 0.010726562500000014 0.019986111111111093
2 0.7374296874999999 0.5675416666666666 0.009812499999999957 0.02240277777777777
2 0.7675625 0.5648472222222222 0.010531250000000015 0.021194444444444432
2 0.7969687500000001 0.5634861111111111 0.012562500000000032 0.019499999999999948
2 0.8278203124999999 0.5616805555555556 0.012203124999999915 0.023194444444444507
2 0.8880546875 0.5582083333333334 0.013710937500000141 0.02379166666666666
2 0.9170859374999999 0.5570972222222222 0.013335937500000127 0.02233333333333339
2 0.9487421875000001 0.5551388888888888 0.012828125000000056 0.021541666666666653
2 0.978875 0.5530833333333334 0.012203124999999915 0.02159722222222216
2 0.427859375 0.4415972222222222 0.010875000000000056 0.022416666666666647
2 0.4563671875 0.44112500000000004 0.011085937500000042 0.02251388888888894
2 0.48309375 0.4378888888888888 0.010679687500000057 0.02123611111111106
2 0.5140781249999999 0.4362638888888889 0.010648437500000085 0.020152777777777766
2 0.569921875 0.43369444444444444 0.011617187499999914 0.02116666666666668
2 0.5978203125 0.4307777777777778 0.010054687499999914 0.020541666666666618
2 0.624953125 0.4301527777777778 0.011617187499999914 0.02137499999999998
2 0.6543359375 0.42800000000000005 0.010671875000000063 0.019166666666666603
2 0.7102890625 0.42415277777777777 0.0107421875 0.019791666666666666
2 0.739046875 0.42277777777777775 0.009898437500000056 0.019361111111111187
2 0.76634375 0.4200277777777778 0.010437499999999923 0.0181805555555556
2 0.795703125 0.4182222222222222 0.011203125000000026 0.02144444444444452
2 0.8528828125000001 0.4156805555555556 0.010210937500000128 0.020541666666666618
2 0.8817109375 0.41344444444444445 0.012257812500000043 0.022319444444444513
2 0.9104765625000001 0.4109027777777778 0.012124999999999986 0.02041666666666673
2 0.9387812500000001 0.40852777777777777 0.01222656250000007 0.02080555555555558
1 0.5406484375 0.43951388888888887 0.023335937499999914 0.011986111111111105
1 0.5582578125000001 0.571875 0.024015625000000006 0.00816666666666666
1 0.6840078125 0.4315277777777778 0.022007812500000057 0.00852777777777776
1 0.7059609375 0.5629722222222222 0.024929687500000065 0.009111111111111035
1 0.824796875 0.4220277777777778 0.022546875000000098 0.01033333333333341
1 0.8560000000000001 0.5537638888888888 0.022304687500000142 0.008180555555555536
1 0.969546875 0.4126111111111111 0.02222656249999986 0.0071111111111111175