3 0.104546875 0.9577361111111112 0.019960937500000008 0.08451388888888876
2 0.22799999999999998 0.24713888888888888 0.012812499999999982 0.020472222222222235
2 0.24796875 0.2524444444444444 0.0140625 0.019624999999999993
2 0.2681484375 0.2588611111111111 0.0123046875 0.017944444444444468
2 0.2875625 0.2661111111111111 0.011585937500000032 0.016388888888888904
2 0.328125 0.278125 0.011031250000000003 0.01597222222222222
2 0.348453125 0.2838611111111111 0.010421875000000025 0.01751388888888891
2 0.368515625 0.2899305555555556 0.011445312499999982 0.01980555555555554
2 0.38868749999999996 0.2957222222222222 0.012015624999999997 0.01799999999999997
2 0.429984375 0.3096527777777778 0.01185937500000005 0.01788888888888888
2 0.4509921875 0.3148888888888889 0.010242187499999921 0.01788888888888888
2 0.472 0.3213888888888889 0.011640625000000071 0.01843055555555553
2 0.49271875 0.32716666666666666 0.012242187500000057 0.018513888888888868
2 0.5349921875 0.3408888888888889 0.009531250000000036 0.01616666666666665
2 0.5560859375 0.3474583333333333 0.009414062499999964 0.017458333333333322
2 0.5779765625 0.3533472222222222 0.00867187499999993 0.01818055555555552
2 0.5990703125 0.36015277777777777 0.009375 0.015750000000000004
2 0.6663984375 0.38015277777777773 0.00884374999999995 0.01751388888888891
2 0.68928125 0.386125 0.011093750000000036 0.018361111111111147
2 0.711296875 0.3937777777777777 0.009578124999999993 0.01637499999999995
2 0.7582890625 0.4078888888888889 0.009937500000000021 0.015680555555555507
2 0.78178125 0.4145277777777778 0.010062500000000085 0.016777777777777836
2 0.8047890625 0.42136111111111113 0.010085937499999975 0.018152777777777847
2 0.8291484375 0.4285555555555556 0.0102421875000001 0.01956944444444449
2 0.8791015625 0.44275 0.010414062499999942 0.018930555555555548
2 0.9046875 0.4499166666666667 0.0095703125 0.020250000000000056
2 0.9300703125 0.4574722222222222 0.010476562499999887 0.017027777777777767
2 0.9563828125 0.4652777777777778 0.011093749999999857 0.01811111111111106
2 0.1509375 0.3537777777777778 0.013007812499999983 0.014444444444444452
2 0.1731484375 0.35983333333333334 0.012726562500000016 0.015847222222222217
2 0.193734375 0.3669861111111111 0.011179687500000002 0.01765277777777783
2 0.2156171875 0.3738194444444444 0.011531249999999993 0.018597222222222203
2 0.2576640625 0.3877638888888889 0.010257812499999996 0.015930555555555594
2 0.2787265625 0.3948055555555555 0.010671874999999975 0.014722222222222255
2 0.30007812500000003 0.40149999999999997 0.009695312499999975 0.015138888888888858
2 0.3216484375 0.4082916666666667 0.010984374999999958 0.013416666666666622
2 0.3644375 0.42243055555555553 0.011875000000000035 0.016486111111111118
2 0.3870078125 0.42891666666666667 0.011445312499999982 0.01722222222222219
2 0.4086171875 0.43701388888888887 0.011242187500000079 0.018916666666666672
2 0.4306953125 0.4432777777777778 0.011140624999999993 0.01690277777777772
2 0.4754296875 0.4590694444444444 0.010515625000000028 0.018708333333333372
2 0.49819531250000004 0.4665416666666667 0.011531249999999993 0.019486111111111072
2 0.5200625 0.47348611111111116 0.011023437499999922 0.019694444444444376
2 0.543015625 0.4813472222222222 0.010281250000000065 0.017944444444444388
2 0.5898749999999999 0.49583333333333335 0.010953124999999985 0.018277777777777733
2 0.6129296875 0.5038611111111111 0.011007812499999936 0.020625000000000032
2 0.6364062500000001 0.5104166666666666 0.011687500000000028 0.02070833333333329
2 0.660234375 0.5182361111111111 0.010304687500000043 0.02233333333333339
2 0.7091093749999999 0.5343194444444445 0.011570312499999957 0.022666666666666738
2 0.7337109374999999 0.541888888888889 0.011218749999999921 0.020333333333333314
2 0.758625 0.5509583333333333 0.011562499999999965 0.021625000000000068
2 0.78440625 0.5585277777777777 0.012070312500000036 0.022777777777777748
2 0.835734375 0.576625 0.012382812499999929 0.022069444444444426
2 0.862203125 0.584375 0.011648437499999886 0.02102777777777776
2 0.8894375 0.5928333333333333 0.013218750000000057 0.020430555555555605
2 0.9171953125 0.6025972222222222 0.014421875000000028 0.024263888888888925
2 0.972328125 0.6197638888888889 0.012875000000000015 0.02052777777777774
1 0.305375 0.27655555555555555 0.01668750000000001 0.012333333333333326
1 0.2393359375 0.37670833333333337 0.019046874999999998 0.013013888888888896
1 0.34602343750000003 0.41108333333333336 0.01853125000000002 0.012902777777777727
1 0.40658593749999994 0.3071111111111111 0.017984374999999986 0.01236111111111108
1 0.510859375 0.33915277777777775 0.019679687500000043 0.014083333333333314
1 0.4552890625 0.44634722222222223 0.018046874999999928 0.014722222222222255
1 0.5683125 0.48315277777777776 0.01864062499999992 0.013263888888888825
1 0.686125 0.5213055555555555 0.019500000000000028 0.011944444444444476
1 0.7324609375 0.40555555555555556 0.015546875000000071 0.010763888888888889
1 0.8516171874999999 0.4411944444444445 0.018382812500000158 0.013305555555555612
1 0.8107031250000001 0.5612222222222222 0.02173437500000004 0.01288888888888885
1 0.9809140624999999 0.477875 0.018601562499999957 0.012874999999999975
1 0.9453437499999999 0.6042777777777778 0.021890624999999986 0.015013888888888813
4 0.2218203125 0.6146666666666667 0.10863281250000004 0.0765277777777778
4 0.4831015625 0.15695833333333334 0.09401562499999994 0.05369444444444444
4 0.6866796875000001 0.20894444444444443 0.10975781250000001 0.05220833333333338
4 0.9042109375 0.2655972222222222 0.11540624999999985 0.05434722222222221
4 0.4588046875 0.6990833333333333 0.12221875000000004 0.0920972222222223
4 0.72046875 0.7977638888888888 0.13424218749999994 0.09616666666666668