1 0.1180546875 0.20647222222222222 0.027898437499999984 0.01605555555555556
1 0.094578125 0.3620416666666667 0.030132812499999995 0.015333333333333322
1 0.302984375 0.208625 0.027656249999999983 0.015402777777777743
1 0.287453125 0.3634722222222222 0.030507812499999964 0.013638888888888959
1 0.4822421875 0.2112777777777778 0.02921093750000008 0.015680555555555583
1 0.4771328125 0.365 0.031234375000000016 0.012222222222222159
1 0.6628828125 0.20970833333333336 0.029765624999999928 0.013999999999999978
1 0.6644921874999999 0.3636388888888889 0.030148437499999937 0.013972222222222146
1 0.84571875 0.20679166666666665 0.0299921874999999 0.013402777777777746
2 0.0080078125 0.20258333333333337 0.016007812499999996 0.02674999999999999
2 0.045164062500000005 0.19937500000000002 0.015929687499999994 0.028708333333333357
2 0.08251562500000001 0.20006944444444447 0.0171640625 0.028402777777777763
2 0.156625 0.20154166666666667 0.013734374999999988 0.02634722222222226
2 0.19232031249999998 0.20227777777777775 0.016374999999999983 0.026125000000000002
2 0.2292734375 0.20350000000000001 0.01587500000000004 0.02525000000000001
2 0.2671796875 0.20218055555555556 0.014453125 0.027597222222222228
2 0.3382734375 0.20205555555555554 0.012531249999999971 0.024027777777777794
2 0.3751796875 0.20258333333333337 0.01570312500000002 0.028430555555555594
2 0.41021875 0.201875 0.016078124999999943 0.02866666666666665
2 0.44643750000000004 0.20311111111111113 0.015062499999999979 0.026125000000000002
2 0.5188125 0.20313888888888887 0.014617187500000028 0.027861111111111114
2 0.553890625 0.20398611111111112 0.015218750000000014 0.02620833333333334
2 0.589921875 0.20425000000000001 0.01570312499999993 0.030083333333333368
2 0.6266875 0.203375 0.016703125000000086 0.03168055555555556
2 0.69875 0.2036388888888889 0.01537500000000005 0.03127777777777775
2 0.735546875 0.20425000000000001 0.01685156249999995 0.03175000000000002
2 0.7719453125 0.2023888888888889 0.01618750000000002 0.028027777777777787
2 0.8075546875 0.20201388888888888 0.01778125000000008 0.030777777777777814
2 0.8818359375 0.20098611111111112 0.016507812500000087 0.027722222222222193
2 0.9196328125000001 0.20105555555555554 0.013937500000000113 0.030388888888888882
2 0.9569296875 0.19937500000000002 0.015281249999999958 0.029347222222222216
2 0.97365625 0.3681805555555555 0.014726562499999929 0.028833333333333322
2 0.9343046875000001 0.3677916666666667 0.014640624999999829 0.031055555555555576
2 0.8968125 0.36959722222222224 0.016328125000000072 0.03426388888888887
2 0.7422187499999999 0.37270833333333336 0.016078124999999943 0.02876388888888894
2 0.7033203125 0.37006944444444445 0.017390624999999993 0.03687499999999998
2 0.6271953124999999 0.37109722222222224 0.015835937499999987 0.032236111111111125
2 0.5892109375000001 0.3709444444444444 0.017101562500000077 0.030263888888888837
2 0.5138125 0.3725277777777778 0.01417968750000007 0.02840277777777784
2 0.400578125 0.37155555555555553 0.014703124999999994 0.02981944444444448
2 0.36117187500000003 0.3705555555555556 0.015000000000000036 0.027791666666666655
2 0.323359375 0.3711666666666667 0.015664062499999964 0.030694444444444476
2 0.24800781249999998 0.3710555555555556 0.015671874999999957 0.028805555555555567
2 0.2104375 0.36862500000000004 0.01587500000000004 0.02897222222222224
2 0.17115625 0.3689861111111111 0.015578124999999998 0.029305555555555588
2 0.1315703125 0.3699305555555556 0.014210937499999998 0.03031944444444446
2 0.054203125 0.3678888888888889 0.014226562500000007 0.029166666666666667
2 0.014070312500000001 0.3667916666666666 0.014804687499999997 0.028222222222222253
4 0.46224218749999996 0.6554166666666666 0.15466406250000003 0.07859722222222226
4 0.8786953125 0.6598611111111111 0.15272656249999983 0.08283333333333331