2 0.1025234375 0.8648750000000001 0.03345312499999999 0.06501388888888882
2 0.2008828125 0.8514583333333333 0.04386718749999998 0.06869444444444449
2 0.30451562499999996 0.8404722222222222 0.037867187500000024 0.07723611111111098
2 0.40286718749999995 0.8220833333333333 0.038460937500000014 0.05790277777777785
2 0.6005859375 0.7998472222222222 0.03679687499999993 0.05698611111111107
2 0.7010078125 0.7844583333333333 0.04153125000000006 0.06543055555555542
2 0.7952109375 0.7697916666666667 0.028929687499999978 0.053541666666666606
2 0.8975 0.7576388888888889 0.042312499999999885 0.06845833333333329
2 0.9148984375 0.38504166666666667 0.04278125000000017 0.05974999999999998
1 0.8260624999999999 0.41458333333333336 0.07347656250000005 0.04475000000000004
1 0.97578125 0.7298611111111111 0.0484375 0.03194444444444444
1 0.496484375 0.79725 0.08352343750000006 0.021305555555555442