2 0.0099921875 0.3823472222222222 0.0199765625 0.0465138888888889
2 0.131515625 0.36990277777777775 0.02328125000000001 0.05234722222222218
2 0.19366406249999998 0.3597777777777778 0.024749999999999984 0.048569444444444484
2 0.31459375 0.35063888888888894 0.019500000000000028 0.048805555555555574
2 0.435546875 0.3356527777777778 0.021632812500000043 0.043416666666666694
2 0.49477343749999997 0.3276527777777778 0.020210937499999915 0.04573611111111112
2 0.7322421875 0.3027083333333333 0.02466406249999995 0.05084722222222224
2 0.7918828125 0.2949722222222222 0.024062499999999966 0.05141666666666664
2 0.8495156250000001 0.28959722222222223 0.02203906250000003 0.04298611111111109
2 0.9113906249999999 0.28430555555555553 0.019468750000000055 0.043833333333333335
2 0.9350781250000001 0.5895694444444445 0.020437499999999886 0.049388888888888816
2 0.871140625 0.5959305555555555 0.020164062499999958 0.04837500000000006
2 0.8088671875 0.6055138888888889 0.023226562500000013 0.04815277777777772
2 0.308265625 0.6622777777777777 0.02100781249999999 0.04815277777777772
2 0.24376562499999999 0.6674861111111111 0.020906249999999994 0.047111111111111055
2 0.1812578125 0.6780694444444444 0.02222656249999999 0.04765277777777786
2 0.0505 0.6909861111111111 0.0192890625 0.04794444444444442
1 0.0704375 0.38659722222222226 0.04935156250000001 0.019277777777777772
1 0.11614843749999999 0.6724027777777778 0.051835937499999984 0.017749999999999964
1 0.376703125 0.35391666666666666 0.04832031250000002 0.022638888888888865
1 0.432078125 0.6330555555555556 0.04821093750000003 0.019499999999999948
2 0.3714765625 0.6512361111111111 0.018523437500000028 0.044388888888888936
1 0.9758749999999999 0.2844583333333333 0.04788281249999997 0.016638888888888915