2 0.0676796875 0.4672222222222222 0.01143749999999999 0.03226388888888891
2 0.11164062500000001 0.4640694444444444 0.016749999999999998 0.03644444444444446
2 0.1570078125 0.45875 0.014835937500000007 0.03644444444444446
2 0.20256249999999998 0.4561527777777778 0.017046875000000017 0.041402777777777705
2 0.29014843749999997 0.44669444444444445 0.015773437500000043 0.03318055555555554
2 0.3330078125 0.44225000000000003 0.01592968749999999 0.036527777777777715
2 0.3770234375 0.4370833333333333 0.015453124999999979 0.03841666666666662
2 0.4204609375 0.4342083333333333 0.018742187500000007 0.036180555555555494
2 0.5063203125 0.42412500000000003 0.01637500000000003 0.03175000000000002
2 0.54928125 0.41938888888888887 0.014046875000000014 0.03252777777777772
2 0.5923125 0.41548611111111106 0.014281249999999978 0.033708333333333305
2 0.633890625 0.4115416666666667 0.01511718749999993 0.030833333333333397
2 0.763 0.39613888888888893 0.014710937499999943 0.03170833333333339
2 0.8493906250000001 0.3875972222222222 0.0145624999999999 0.030527777777777803
2 0.980265625 0.3744722222222222 0.016195312500000014 0.033833333333333354
2 0.09131249999999999 0.6930138888888889 0.0154296875 0.03626388888888883
2 0.138359375 0.6868055555555556 0.018070312499999998 0.032569444444444505
2 0.1848515625 0.6814722222222223 0.016632812500000017 0.032402777777777836
2 0.23024218749999997 0.6749166666666666 0.01693749999999996 0.03327777777777783
2 0.45940624999999996 0.6494444444444445 0.016898437500000085 0.0369861111111111
2 0.6408515625 0.6310416666666667 0.014000000000000058 0.032944444444444484
2 0.6849062499999999 0.6273611111111111 0.016539062500000055 0.03258333333333338
2 0.7752343749999999 0.6155972222222222 0.01721874999999997 0.03179166666666665
2 0.821703125 0.6133333333333334 0.018703125000000043 0.03774999999999993
2 0.8665312500000001 0.61025 0.017867187499999916 0.03856944444444442
2 0.912625 0.6054166666666666 0.01859375000000014 0.0341666666666667
1 0.89615625 0.391125 0.035812500000000115 0.014708333333333377
1 0.955328125 0.5901111111111111 0.03515625 0.019291666666666648
1 0.6791953125 0.4150694444444445 0.03462499999999995 0.017138888888888933
1 0.7274375 0.613736111111111 0.03474218750000002 0.015819444444444424
1 0.46558593750000005 0.4357083333333333 0.03621093749999993 0.014194444444444482
1 0.5040078125 0.6360694444444445 0.03801562500000007 0.016236111111111187
1 0.24706250000000002 0.45893055555555556 0.034835937500000025 0.013944444444444395
1 0.02265625 0.47979166666666667 0.03351562500000001 0.013694444444444464
1 0.0424453125 0.6878611111111111 0.03624218750000001 0.01768055555555558
4 0.20071875 0.15047222222222223 0.14704687500000002 0.08501388888888887
4 0.6080390625 0.11523611111111111 0.15036718750000003 0.0817638888888889