2 0.0221796875 0.4090972222222222 0.011890624999999998 0.02347222222222219
2 0.0036640625000000002 0.5609861111111112 0.0073203124999999996 0.026597222222222192
2 0.0896484375 0.40873611111111113 0.008484375000000011 0.021083333333333263
2 0.0748125 0.5559999999999999 0.011109375 0.023097222222222217
2 0.31632812499999996 0.5464444444444444 0.008226562499999979 0.021277777777777847
2 0.35061718750000004 0.5450555555555555 0.011875000000000035 0.027708333333333397
2 0.34962499999999996 0.39893055555555557 0.008953125000000029 0.0240694444444445
2 0.4125546875 0.39720833333333333 0.0115234375 0.02312499999999997
2 0.4171171875 0.5409305555555556 0.012171874999999943 0.026972222222222165
2 0.4502890625 0.5413333333333333 0.011710937500000008 0.024444444444444477
2 0.48524218750000003 0.5408333333333333 0.014328124999999936 0.02762499999999998
2 0.5176171875 0.5389305555555555 0.012250000000000049 0.022999999999999923
2 0.44496874999999997 0.3960694444444445 0.00859375 0.02169444444444445
2 0.47671093750000004 0.39455555555555555 0.009031249999999958 0.02031944444444444
2 0.5083593750000001 0.39419444444444446 0.010671875000000063 0.017930555555555512
2 0.5708593750000001 0.39136111111111105 0.011453125000000064 0.020638888888888908
2 0.6032031250000001 0.39040277777777777 0.009328125000000043 0.02290277777777779
2 0.6337578125000001 0.3888333333333333 0.009249999999999935 0.018097222222222185
2 0.6658828125 0.3880972222222222 0.010929687500000007 0.01995833333333334
2 0.584171875 0.5352083333333334 0.010781249999999964 0.022222222222222223
2 0.618515625 0.5350555555555556 0.011242187500000079 0.021083333333333263
2 0.684765625 0.5321666666666667 0.010578124999999971 0.022861111111111162
2 0.7866171875 0.5277361111111112 0.01052343750000002 0.021583333333333284
2 0.8210546875 0.5274027777777778 0.012585937500000099 0.022527777777777817
2 0.855890625 0.5258472222222222 0.010734374999999829 0.021902777777777754
2 0.925078125 0.5229861111111112 0.011234375000000085 0.021194444444444432
2 0.9602031249999999 0.5219305555555556 0.011960937499999958 0.02205555555555555
2 0.9937265625 0.5195416666666667 0.012546874999999957 0.026041666666666668
2 0.7621171875 0.38347222222222227 0.011406249999999929 0.02326388888888889
2 0.794078125 0.38187499999999996 0.012281250000000021 0.022569444444444444
2 0.8258515624999999 0.3806805555555555 0.012296874999999829 0.021847222222222247
2 0.8916718749999999 0.37819444444444444 0.0112421874999999 0.025249999999999932
2 0.924640625 0.3771388888888889 0.012242187500000057 0.02230555555555548
2 0.9566953125 0.37483333333333335 0.011421874999999915 0.02354166666666673
2 0.9904609375 0.3728194444444445 0.009765625 0.020374999999999942
1 0.8605078125000001 0.3848888888888889 0.024679687500000113 0.009361111111111124
1 0.8895546875000001 0.5183611111111112 0.02546874999999993 0.01151388888888884
1 0.383609375 0.5364444444444445 0.02468750000000002 0.009638888888888964
1 0.38082812499999996 0.4039305555555555 0.025234374999999965 0.011458333333333333
1 0.0551875 0.41401388888888885 0.025734374999999997 0.0134305555555555
1 0.039632812499999996 0.5516944444444445 0.028187499999999997 0.011208333333333403
4 0.1995859375 0.8125972222222223 0.1399921875 0.08080555555555564
4 0.230453125 0.2135277777777778 0.10934375000000003 0.069
4 0.5245 0.206 0.10632031249999993 0.051819444444444446
4 0.8199140625 0.19283333333333333 0.11317968749999992 0.05726388888888889
4 0.9388671875 0.7824861111111111 0.122265625 0.07765277777777789
4 0.5747109375 0.7925833333333333 0.13404687499999995 0.07243055555555568