3 0.6775234375 0.15118055555555554 0.008945312500000035 0.09230555555555553
3 0.490671875 0.13374999999999998 0.01378906250000007 0.08983333333333332
3 0.3306953125 0.8736527777777777 0.018039062500000026 0.14156944444444453
3 0.016273437499999998 0.8441527777777778 0.018664062500000002 0.12741666666666668
5 0.10907031250000002 0.13920833333333335 0.005406250000000013 0.018624999999999996
2 0.020140625000000002 0.35147222222222224 0.0101484375 0.00994444444444444
2 0.0418515625 0.35429166666666667 0.010398437500000001 0.011736111111111095
2 0.0623984375 0.3569722222222222 0.011117187499999992 0.012111111111111149
2 0.08403125 0.36033333333333334 0.008101562500000003 0.011680555555555552
2 0.12503906250000002 0.36633333333333334 0.009351562500000021 0.009861111111111143
2 0.188453125 0.3745972222222222 0.0075937500000000215 0.009263888888888832
2 0.22949999999999998 0.38081944444444443 0.008320312499999982 0.010666666666666597
2 0.2504765625 0.3836527777777778 0.009273437500000004 0.011916666666666723
2 0.271734375 0.3864861111111111 0.008296875000000004 0.012055555555555486
2 0.3336953125 0.3957916666666667 0.009531250000000036 0.011902777777777847
2 0.35476562500000003 0.3988055555555555 0.009117187499999967 0.010208333333333364
2 0.3755859375 0.4011666666666666 0.007585937500000028 0.012166666666666654
2 0.3967890625 0.40484722222222225 0.007132812500000041 0.012347222222222204
2 0.439515625 0.40961111111111115 0.00756250000000005 0.012569444444444381
2 0.46030468750000003 0.4129166666666667 0.006812500000000022 0.01026388888888887
2 0.4818203125 0.4160416666666667 0.007914062500000086 0.010986111111111066
2 0.5028515625 0.4185 0.007742187500000064 0.01259722222222229
2 0.545875 0.42424999999999996 0.006570312500000064 0.011527777777777715
2 0.5675234375 0.42616666666666664 0.008179687500000022 0.013013888888888896
2 0.5892734374999999 0.42968055555555557 0.0069687500000000565 0.013555555555555543
2 0.6114531249999999 0.43280555555555555 0.009078124999999914 0.013597222222222172
2 0.6568984375 0.4386527777777778 0.006781250000000049 0.01147222222222221
2 0.6793828125 0.4418194444444445 0.008257812499999951 0.012305555555555575
2 0.7015078124999999 0.4447638888888889 0.008093749999999922 0.01154166666666659
2 0.7242421875 0.4477916666666667 0.007109374999999929 0.014305555555555492
2 0.7711953125 0.45394444444444443 0.007703124999999922 0.01225000000000007
2 0.79459375 0.4573055555555555 0.00747656249999995 0.012736111111111054
2 0.8182578125 0.45975 0.007406250000000014 0.013374999999999995
2 0.8424375 0.46302777777777776 0.007625000000000171 0.012736111111111054
2 0.8920312499999999 0.4693333333333334 0.007406250000000014 0.012652777777777797
2 0.9172578124999999 0.47194444444444444 0.006609375000000028 0.013458333333333409
2 0.9425234375 0.4749305555555555 0.007148437500000071 0.011694444444444388
2 0.9679062500000001 0.47838888888888886 0.007585937500000028 0.014194444444444482
2 0.9541171875 0.5703055555555555 0.007343750000000071 0.01580555555555555
2 0.9269375 0.5667222222222222 0.007656250000000142 0.015819444444444424
2 0.899609375 0.5621111111111111 0.007656250000000142 0.015458333333333327
2 0.8726406250000001 0.55875 0.008382812500000014 0.014805555555555511
2 0.8215234375 0.551236111111111 0.008265624999999943 0.01466666666666659
2 0.7950390625 0.5485277777777777 0.007249999999999979 0.014791666666666635
2 0.7703984375 0.5443194444444445 0.007343750000000071 0.013541666666666667
2 0.744734375 0.5408611111111111 0.008828124999999964 0.014361111111111156
2 0.696015625 0.5331527777777778 0.008296874999999915 0.01384722222222226
2 0.671765625 0.5293333333333333 0.007632812499999986 0.016152777777777773
2 0.6474140625 0.5253888888888889 0.008000000000000007 0.015430555555555574
2 0.6235859375 0.5218194444444444 0.00756250000000005 0.016027777777777728
2 0.5765156250000001 0.5149166666666667 0.007382812500000035 0.014083333333333314
2 0.55303125 0.511263888888889 0.008390625000000007 0.01423611111111111
2 0.5298671875000001 0.5084722222222222 0.009289062500000079 0.014430555555555537
2 0.5072890625 0.5055694444444444 0.008531250000000056 0.013347222222222241
2 0.4615234375 0.4990277777777778 0.0080078125 0.012527777777777752
2 0.4387890625 0.4956388888888889 0.008507812500000078 0.013930555555555517
2 0.416046875 0.4923194444444445 0.008679687499999922 0.012791666666666717
2 0.3485 0.48266666666666663 0.0077265624999999895 0.012805555555555594
2 0.32697656249999996 0.47950000000000004 0.008773437500000014 0.013319444444444488
2 0.303875 0.47659722222222217 0.009195312499999986 0.012763888888888965
2 0.2816484375 0.47333333333333333 0.008867187500000017 0.013486111111111162
2 0.23776562499999998 0.4665694444444445 0.009937500000000021 0.014291666666666616
2 0.2155390625 0.4635833333333333 0.00926562500000001 0.013791666666666598
2 0.19335156250000002 0.4605416666666666 0.010804687499999988 0.014347222222222279
2 0.171015625 0.4573611111111111 0.010000000000000009 0.014680555555555625
2 0.1268828125 0.4503194444444445 0.00941406250000001 0.014111111111111067
2 0.103734375 0.44822222222222224 0.009945312500000003 0.014624999999999963
2 0.081953125 0.44522222222222224 0.00914062499999999 0.01416666666666673
2 0.059539062499999997 0.4422222222222222 0.009718749999999998 0.014500000000000075
2 0.0138984375 0.43433333333333335 0.0107109375 0.014458333333333288
1 0.10217968749999999 0.36616666666666664 0.016257812500000003 0.006375000000000044
1 0.03940625 0.43538888888888894 0.018304687500000007 0.00894444444444452
1 0.15109375 0.45093055555555556 0.016929687500000012 0.008694444444444432
1 0.20728906249999998 0.38004166666666667 0.016249999999999987 0.006444444444444425
1 0.30960156250000004 0.39552777777777776 0.018593749999999964 0.005472222222222298
1 0.26160937500000003 0.46708333333333335 0.015968750000000042 0.007805555555555562
1 0.415703125 0.41047222222222224 0.01607031249999995 0.006444444444444425
1 0.5225546875 0.4243472222222222 0.016093749999999928 0.006541666666666717
1 0.4854765625 0.49879166666666663 0.017312500000000064 0.006666666666666604
1 0.6322656249999999 0.43972222222222224 0.016976562500000014 0.006083333333333327
1 0.6016250000000001 0.5154444444444445 0.017257812499999935 0.006180555555555619
1 0.7467343750000001 0.4539861111111111 0.016671874999999937 0.006194444444444495
1 0.7214296874999999 0.5330277777777778 0.01793750000000003 0.006277777777777753
1 0.866578125 0.4697222222222222 0.01811718750000004 0.006944444444444444
1 0.848015625 0.5514583333333334 0.019117187499999844 0.0059583333333332825
1 0.9920546874999999 0.4847916666666667 0.015882812499999944 0.005097222222222165
1 0.9817890625000001 0.5700694444444444 0.020484374999999843 0.006916666666666692
4 0.1619609375 0.6138472222222222 0.10549218749999997 0.06269444444444443
4 0.41100000000000003 0.6513888888888889 0.10400000000000005 0.05419444444444442
4 0.6736953125 0.6934305555555556 0.10435156249999995 0.06513888888888894
4 0.78459375 0.3405138888888889 0.08028125000000008 0.04716666666666664
4 0.5772734374999999 0.3189722222222222 0.07901562500000008 0.03716666666666665