3 0.7160703125000001 0.029388888888888885 0.008000000000000007 0.05876388888888889
3 0.5290625 0.021541666666666667 0.007382812500000035 0.043083333333333335
3 0.5324609375 0.94525 0.01814062500000002 0.06872222222222225
3 0.8269453125 0.9610694444444445 0.01320312500000007 0.06904166666666672
2 0.022820312500000002 0.37676388888888884 0.007406250000000003 0.016222222222222152
2 0.0463984375 0.37825 0.008539062500000005 0.015777777777777797
2 0.06887499999999999 0.3776111111111111 0.008328124999999997 0.015819444444444424
2 0.11515625 0.37866666666666665 0.00850781249999999 0.016069444444444515
2 0.1378671875 0.37856944444444446 0.010406249999999995 0.016680555555555542
2 0.15946875 0.3786805555555555 0.00832812500000002 0.016916666666666597
2 0.18196874999999998 0.37895833333333334 0.007437499999999986 0.014319444444444369
2 0.22741406249999999 0.37958333333333333 0.008539062499999962 0.017166666666666684
2 0.24932812499999998 0.3806111111111111 0.007445312499999979 0.017611111111111043
2 0.2938515625 0.38131944444444443 0.008828124999999964 0.01800000000000005
2 0.3370078125 0.382375 0.008078125000000025 0.019055555555555593
2 0.35890625 0.3815972222222222 0.007749999999999968 0.0185416666666667
2 0.3795078125 0.3815138888888889 0.006703125000000032 0.01651388888888887
2 0.40125781250000003 0.38163888888888886 0.007195312500000028 0.01824999999999998
2 0.6170703125 0.38205555555555554 0.007664062499999957 0.016444444444444487
2 0.6607265625000001 0.382375 0.007804687500000007 0.015916666666666718
2 0.6819531249999999 0.3814027777777778 0.007906249999999915 0.01711111111111118
2 0.70378125 0.3819444444444444 0.007445312499999979 0.017125000000000057
2 0.725546875 0.3815972222222222 0.007429687499999993 0.015416666666666698
2 0.770203125 0.3814166666666667 0.007921875000000078 0.016111111111111142
2 0.79209375 0.38236111111111115 0.007820312499999992 0.01751388888888891
2 0.8144375 0.38286111111111115 0.008156250000000042 0.017944444444444388
2 0.8374609375000001 0.3820277777777778 0.0083124999999999 0.01731944444444448
2 0.881828125 0.38122222222222224 0.008203125 0.016749999999999925
2 0.9047968750000001 0.3798194444444445 0.009437499999999942 0.017097222222222146
2 0.926921875 0.3802222222222222 0.00897656249999983 0.016847222222222215
2 0.951 0.38133333333333336 0.008304687500000085 0.016986111111111136
2 0.996515625 0.38266666666666665 0.0069687500000000565 0.016499999999999994
2 0.021812500000000002 0.49133333333333334 0.0095078125 0.01945833333333332
2 0.046125000000000006 0.4910555555555556 0.009304687500000002 0.018902777777777796
2 0.0952890625 0.4910972222222222 0.0076171875 0.015833333333333303
2 0.1184375 0.4910555555555556 0.009203124999999979 0.01686111111111109
2 0.141359375 0.49187499999999995 0.008585937500000007 0.01633333333333332
2 0.165828125 0.492 0.007507812500000011 0.016597222222222284
2 0.21223437500000003 0.49191666666666667 0.009140625000000036 0.017472222222222278
2 0.2352890625 0.4904722222222222 0.008773437500000014 0.017736111111111084
2 0.2593359375 0.49120833333333336 0.008632812499999965 0.019194444444444514
2 0.28225781250000004 0.4918611111111111 0.0074140625000000075 0.017361111111111112
2 0.32759375 0.4922638888888889 0.008078125000000025 0.018166666666666723
2 0.350578125 0.4924722222222222 0.007570312500000042 0.018583333333333327
2 0.37278125 0.49162500000000003 0.008304687499999996 0.017249999999999942
2 0.39509375 0.491375 0.006804687500000029 0.018708333333333372
2 0.4406171875 0.492875 0.008960937500000021 0.017916666666666636
2 0.5083984375 0.49245833333333333 0.008304687500000085 0.02013888888888889
2 0.6224062499999999 0.4920277777777778 0.008835937499999957 0.018513888888888944
2 0.667875 0.4924722222222222 0.00892968750000005 0.020638888888888908
2 0.6907578125 0.49268055555555557 0.009046874999999944 0.020055555555555632
2 0.7135078125 0.4940833333333333 0.009828124999999943 0.019722222222222287
2 0.7374609375000001 0.49368055555555557 0.008226562499999979 0.018916666666666672
2 0.78346875 0.4939861111111111 0.00857031250000002 0.018486111111111037
2 0.8065390625 0.4942638888888889 0.011171875000000142 0.020069444444444508
2 0.8299140625 0.49413888888888885 0.0090937499999999 0.01879166666666663
2 0.8535859374999999 0.49259722222222224 0.00938281250000017 0.019874999999999924
2 0.9015234375000001 0.4932916666666667 0.010546875 0.01918055555555548
2 0.9251250000000001 0.49290277777777775 0.008914062499999886 0.01840277777777778
2 0.94890625 0.4932777777777778 0.010000000000000142 0.02020833333333327
2 0.9730234375 0.49341666666666667 0.010585937500000142 0.019416666666666693
1 0.09207812499999998 0.38179166666666664 0.018843749999999992 0.009541666666666672
1 0.07182031250000001 0.4864166666666667 0.0195078125 0.007513888888888844
1 0.20471875 0.38451388888888893 0.01882812500000002 0.007041666666666736
1 0.190046875 0.4864166666666667 0.01940624999999998 0.007527777777777721
1 0.3147421875 0.38480555555555557 0.017671875000000004 0.008583333333333264
1 0.3053203125 0.4864583333333333 0.018234375000000025 0.008638888888888927
1 0.4228515625 0.3855138888888889 0.01680468749999999 0.008597222222222298
1 0.6394375 0.38655555555555554 0.017593749999999984 0.006513888888888965
1 0.6447890625 0.48836111111111113 0.017703125000000063 0.008277777777777828
1 0.7486640625 0.3862777777777778 0.017203124999999986 0.009083333333333284
1 0.7593203125 0.488375 0.017921875000000042 0.008291666666666704
1 0.8604843750000001 0.3856388888888889 0.018374999999999985 0.008125000000000032
1 0.8771718749999999 0.48880555555555555 0.01830468749999987 0.007083333333333365
1 0.9745156250000001 0.384875 0.017742187500000027 0.007888888888888819
4 0.1208984375 0.22825 0.0778515625 0.04079166666666667
4 0.3280859375 0.23252777777777775 0.07435937499999996 0.03683333333333331
4 0.5301953125 0.23527777777777778 0.07728125000000005 0.03963888888888892
4 0.7333359374999999 0.23365277777777776 0.07675000000000001 0.042666666666666624
4 0.9429765625 0.2297361111111111 0.08064843750000002 0.03930555555555557
4 0.7806093749999999 0.6869166666666666 0.09157812500000002 0.05165277777777769
4 0.5339765625 0.6855694444444445 0.08841406250000006 0.052583333333333274
4 0.288140625 0.6854027777777778 0.09439843750000003 0.053486111111111095