2 0.094375 0.41427777777777774 0.010687500000000006 0.02069444444444441
2 0.1518046875 0.40708333333333335 0.010210937499999994 0.02144444444444452
2 0.1806875 0.40508333333333335 0.011187499999999994 0.018166666666666723
2 0.20813281250000001 0.4021944444444444 0.011390625000000033 0.019930555555555587
2 0.23700000000000002 0.3997083333333334 0.01088281249999996 0.01925000000000002
2 0.2922578125 0.3920555555555555 0.009328125000000043 0.018916666666666672
2 0.3196015625 0.3896111111111111 0.008281250000000018 0.018152777777777847
2 0.3476015625 0.3864444444444445 0.010078124999999983 0.020069444444444508
2 0.3748984375 0.38331944444444443 0.011265624999999968 0.02070833333333329
2 0.428609375 0.3768333333333333 0.01107812500000005 0.021500000000000026
2 0.455703125 0.3717222222222222 0.011820312500000086 0.022277777777777726
2 0.4823046875 0.3698194444444444 0.011632812500000079 0.02123611111111106
2 0.5098984375 0.36693055555555554 0.009531250000000036 0.015444444444444452
2 0.5639375 0.36154166666666665 0.012328124999999978 0.021069444444444425
2 0.6165 0.35406944444444444 0.009679687500000079 0.01973611111111112
2 0.6426875 0.3499305555555555 0.011179687499999957 0.02052777777777774
2 0.697171875 0.3446805555555555 0.012492187500000007 0.02187499999999996
2 0.7229687499999999 0.34254166666666663 0.01222656250000007 0.02034722222222219
2 0.7506406250000001 0.33795833333333336 0.013382812500000086 0.024944444444444415
2 0.7770078125000001 0.33445833333333336 0.011156249999999979 0.019333333333333355
2 0.8303046875 0.3272361111111111 0.013226562499999872 0.021402777777777812
2 0.8583046875000001 0.3247638888888889 0.0142578125 0.020583333333333325
2 0.8847265625 0.32140277777777776 0.01446093750000017 0.024875000000000036
2 0.9112578125 0.31743055555555555 0.014109374999999957 0.0196666666666667
2 0.9659453125 0.31072222222222223 0.0127812500000001 0.022763888888888868
2 0.993 0.30733333333333335 0.012703125000000171 0.021513888888888902
2 0.96428125 0.45025 0.014101562500000142 0.025194444444444426
2 0.9355546875 0.4545416666666666 0.013945312499999928 0.022777777777777748
2 0.90815625 0.45705555555555555 0.013328124999999958 0.023680555555555493
2 0.8800234375 0.4598888888888889 0.0143437500000001 0.023847222222222166
2 0.8227265625 0.4677361111111111 0.014507812500000128 0.024652777777777777
2 0.7943203125 0.4725416666666667 0.011703125000000014 0.022986111111111047
2 0.737703125 0.4787638888888889 0.014601562500000043 0.027180555555555624
2 0.5966796875 0.495375 0.012796875000000086 0.024625000000000025
2 0.5412578124999999 0.5019861111111111 0.011101562500000028 0.02269444444444449
2 0.48510937500000006 0.5088055555555555 0.011828125000000078 0.023958333333333335
2 0.4574765625 0.5135000000000001 0.011265625000000057 0.02404166666666659
2 0.40085156250000004 0.5203888888888889 0.011304687500000021 0.02372222222222228
2 0.37106249999999996 0.5232361111111111 0.012468750000000028 0.02318055555555563
2 0.3435 0.5276527777777779 0.011164062499999971 0.02449999999999998
2 0.3146953125 0.5309305555555556 0.011632812499999989 0.024166666666666635
2 0.25675 0.5382777777777777 0.010648437499999996 0.026819444444444368
2 0.22691406249999999 0.5430138888888889 0.010250000000000004 0.024944444444444495
2 0.1975546875 0.5459444444444445 0.0111328125 0.022708333333333365
2 0.1674375 0.5509583333333333 0.012828125000000013 0.02155555555555553
2 0.1073203125 0.5571111111111111 0.011320312500000007 0.02584722222222224
2 0.0767265625 0.5611388888888889 0.01024218749999999 0.022638888888888827
2 0.046218749999999996 0.5640833333333333 0.009609375000000003 0.02304166666666671
1 0.124046875 0.41712499999999997 0.022812499999999993 0.01125000000000003
1 0.13770312499999998 0.5477916666666667 0.02535156249999999 0.010999999999999944
1 0.2654609375 0.40111111111111114 0.023085937499999966 0.009486111111111167
1 0.2843203125 0.5273888888888889 0.022859374999999994 0.012944444444444514
1 0.40277343749999994 0.38472222222222224 0.022109374999999966 0.009749999999999974
1 0.4273203125 0.5113055555555556 0.02321093750000003 0.009680555555555593
1 0.537796875 0.3700277777777778 0.021992187500000072 0.009291666666666743
1 0.5677890624999999 0.49306944444444445 0.023906249999999928 0.009013888888888901
1 0.8051796875000001 0.3368055555555556 0.02182031249999996 0.008874999999999982
1 0.8487031249999999 0.4583333333333333 0.022812499999999857 0.011097222222222234
1 0.940234375 0.31856944444444446 0.022085937499999986 0.011986111111111105
1 0.989453125 0.44027777777777777 0.02109375 0.013888888888888888
4 0.235640625 0.20858333333333334 0.09458593749999997 0.0549166666666667
4 0.49232031249999997 0.18184722222222224 0.09048437499999995 0.05625
4 0.7415390625 0.15025000000000002 0.09693749999999994 0.052638888888888895
4 0.9300859375 0.6987222222222222 0.12146093749999984 0.07476388888888895
4 0.625828125 0.7358194444444444 0.11485937499999999 0.07266666666666666
4 0.32253906250000003 0.7781666666666667 0.11810156249999997 0.07873611111111119