1 0.17277343750000002 0.5047222222222222 0.025828125 0.010277777777777747
1 0.18871875 0.648625 0.030617187499999976 0.011833333333333309
1 0.009953125 0.6709027777777778 0.01990625 0.012430555555555618
1 0.341578125 0.48868055555555556 0.029007812499999997 0.012611111111111168
1 0.366328125 0.6290416666666667 0.030507812499999964 0.011194444444444368
1 0.538703125 0.6085416666666666 0.023031250000000014 0.008749999999999937
1 0.508 0.4694166666666667 0.024320312500000087 0.009847222222222266
1 0.8350781250000001 0.43530555555555556 0.028000000000000115 0.008111111111111156
1 0.8846562499999999 0.5719444444444445 0.030070312499999828 0.010194444444444489
2 0.032171875 0.512361111111111 0.011796874999999995 0.023486111111111065
2 0.0673046875 0.5113333333333334 0.011687500000000007 0.02475000000000007
2 0.102671875 0.5085555555555555 0.011710937500000008 0.023069444444444462
2 0.135765625 0.5047777777777778 0.011546874999999979 0.025166666666666674
2 0.20618750000000002 0.4979444444444444 0.012046874999999967 0.023111111111111093
2 0.24002343750000002 0.4948888888888889 0.01118750000000004 0.02475000000000007
2 0.2732265625 0.4891805555555555 0.012328124999999978 0.022986111111111047
2 0.30691406250000003 0.4872916666666667 0.01160937500000001 0.02538888888888885
2 0.374140625 0.48000000000000004 0.012898437499999993 0.022041666666666675
2 0.40814843749999996 0.4764583333333334 0.012718749999999978 0.025680555555555568
2 0.440609375 0.4734583333333333 0.014195312500000057 0.024416666666666722
2 0.47282812500000004 0.4687083333333334 0.015054687499999986 0.026152777777777834
2 0.5401171875 0.46102777777777776 0.015390625000000036 0.02369444444444437
2 0.7018515625 0.4438611111111111 0.01453124999999993 0.023236111111111138
2 0.734984375 0.44033333333333335 0.01574218750000007 0.02393055555555558
2 0.8014140624999999 0.434875 0.01590625000000001 0.02509722222222229
2 0.8676718749999999 0.4279166666666667 0.016539062500000055 0.02809722222222225
2 0.8998906249999999 0.42365277777777777 0.015312499999999929 0.02879166666666669
2 0.9329453125 0.42105555555555557 0.015468750000000142 0.027930555555555573
2 0.9647578125 0.4168888888888889 0.015992187499999845 0.02731944444444439
2 0.0424140625 0.673138888888889 0.015257812500000006 0.026819444444444368
2 0.07963281250000001 0.6707361111111111 0.013757812500000011 0.0262916666666666
2 0.1164765625 0.666125 0.01644531250000001 0.031333333333333255
2 0.15264843749999998 0.6614444444444445 0.014851562499999993 0.027138888888888837
2 0.224828125 0.6533194444444445 0.014531250000000018 0.02741666666666668
2 0.2603125 0.6471666666666667 0.01696093750000003 0.027583333333333352
2 0.29670312499999996 0.6419444444444444 0.01685156250000004 0.026833333333333403
2 0.3324296875 0.6405972222222223 0.015421875000000007 0.024138888888888883
2 0.40160937499999994 0.6310555555555556 0.015625 0.02437499999999994
2 0.436921875 0.6272361111111111 0.014445312500000007 0.02641666666666664
2 0.470671875 0.6229444444444444 0.013359374999999929 0.02616666666666671
2 0.50615625 0.6193194444444445 0.015320312499999923 0.0257777777777777
2 0.5751875 0.6118194444444445 0.01333593749999995 0.023027777777777834
2 0.6092734375 0.6086666666666667 0.0142578125 0.02677777777777774
2 0.6438828125 0.6042361111111111 0.01281250000000007 0.02684722222222228
2 0.7820859375 0.5903611111111111 0.01835156250000001 0.02808333333333337
2 0.8169296875000001 0.5856666666666667 0.017007812499999986 0.03154166666666672
2 0.851703125 0.5816388888888888 0.02051562500000017 0.03191666666666669
2 0.921 0.5743333333333334 0.017679687500000086 0.026972222222222165
2 0.9565859375000001 0.5704722222222223 0.0192265625000001 0.030847222222222272
2 0.9907734375 0.5679305555555556 0.017984374999999986 0.025763888888888826
4 0.16526562499999997 0.29308333333333336 0.1468671875 0.04905555555555555
4 0.47868750000000004 0.266375 0.14513281249999999 0.0555277777777778
4 0.7810078125000001 0.23380555555555557 0.14922656250000008 0.05570833333333335
4 0.6191875 0.8754861111111112 0.18725000000000006 0.08325000000000007
4 0.2397578125 0.9259861111111112 0.1828359375 0.0871388888888889