1 0.10600000000000001 0.37466666666666665 0.030304687500000003 0.01398611111111118
1 0.021609375 0.5296666666666667 0.0310625 0.012874999999999975
1 0.321453125 0.40031944444444445 0.03082812500000003 0.00873611111111106
1 0.2479375 0.5560694444444445 0.032007812500000024 0.012083333333333397
1 0.535765625 0.4265277777777778 0.030757812499999915 0.012013888888888857
1 0.7011015625 0.6106527777777778 0.033187500000000016 0.015569444444444495
1 0.983234375 0.4758194444444444 0.03143749999999983 0.01086111111111118
2 0.0244375 0.3581111111111111 0.014546875000000004 0.021083333333333305
2 0.0672578125 0.36144444444444446 0.015617187500000008 0.018805555555555544
2 0.1528125 0.3715277777777778 0.015914062500000003 0.01811111111111106
2 0.1965625 0.37754166666666666 0.013812500000000005 0.018236111111111106
2 0.2398984375 0.38298611111111114 0.013421874999999962 0.01722222222222219
2 0.282140625 0.3881805555555556 0.013460937500000015 0.020833333333333332
2 0.36706249999999996 0.3999027777777778 0.01319531249999999 0.015333333333333282
2 0.41025 0.4048611111111111 0.012484375000000015 0.019291666666666648
2 0.45307812500000005 0.4104027777777778 0.011062500000000064 0.01845833333333328
2 0.5827656250000001 0.42426388888888894 0.010875000000000056 0.020874999999999963
2 0.6252734375 0.43086111111111114 0.010484375000000056 0.023666666666666617
2 0.71371875 0.43854166666666666 0.014054687500000006 0.022666666666666738
2 0.8018906250000001 0.4504444444444444 0.010375000000000068 0.0211527777777778
2 0.84709375 0.4540972222222222 0.011179687499999957 0.019513888888888827
2 0.9387578124999999 0.46479166666666666 0.009468749999999915 0.023166666666666596
2 0.9830937499999999 0.6547916666666667 0.012726562499999972 0.02943055555555563
2 0.8875390624999999 0.6414444444444444 0.011703125000000014 0.023555555555555607
2 0.8394921875 0.6346805555555556 0.010429687499999929 0.01988888888888896
2 0.7921640625 0.6286388888888889 0.011007812499999936 0.023277777777777765
2 0.744703125 0.6234444444444445 0.0140625 0.023277777777777765
2 0.6511640625 0.6127916666666666 0.013703124999999972 0.025805555555555613
2 0.6055234375 0.6080555555555556 0.013078125000000006 0.022291666666666602
2 0.5601796875 0.6017777777777777 0.013437500000000036 0.024625000000000025
2 0.514171875 0.594625 0.011617187499999914 0.020958333333333377
2 0.4239921875 0.5849861111111111 0.014859374999999985 0.022277777777777726
2 0.3793828125 0.5789722222222222 0.012992187499999997 0.020680555555555535
2 0.333703125 0.5757638888888889 0.012624999999999975 0.02618055555555559
2 0.2888359375 0.5698611111111112 0.013328124999999958 0.023305555555555517
2 0.1987734375 0.557513888888889 0.013218749999999991 0.022430555555555523
2 0.153515625 0.5523611111111111 0.015640624999999984 0.022541666666666692
2 0.10885937500000001 0.5463472222222222 0.015078125000000008 0.022083333333333302
2 0.0635390625 0.539888888888889 0.0140390625 0.021416666666666608
4 0.43656249999999996 0.17427777777777778 0.14675781249999997 0.06600000000000002
4 0.83809375 0.21718055555555557 0.14955468749999995 0.07001388888888885
4 0.60071875 0.9198472222222221 0.18507031250000008 0.09231944444444448
4 0.10079687500000001 0.8599166666666667 0.19182812500000002 0.09141666666666658