2 0.00925 0.4797222222222222 0.010453125000000002 0.02194444444444438
2 0.04371875 0.47594444444444445 0.012562499999999999 0.022986111111111047
2 0.07633593749999999 0.4691944444444444 0.013390625000000012 0.025222222222222177
2 0.11004687500000002 0.4642361111111111 0.01399218750000002 0.02390277777777783
2 0.17446875 0.4533333333333333 0.011601562500000018 0.02354166666666673
2 0.20684375 0.44802777777777775 0.015156249999999982 0.024402777777777846
2 0.23855468750000003 0.44161111111111107 0.014374999999999982 0.023624999999999986
2 0.2702421875 0.4369722222222222 0.01314062500000004 0.022319444444444513
2 0.33321875 0.4269861111111111 0.014953124999999989 0.02379166666666666
2 0.3632578125 0.4229444444444444 0.01478906249999996 0.02574999999999995
2 0.3943125 0.41768055555555555 0.013304687499999978 0.024680555555555532
2 0.42525 0.41156944444444443 0.013328124999999958 0.022597222222222196
2 0.486625 0.40170833333333333 0.011953124999999964 0.02191666666666663
2 0.5168515625000001 0.39711111111111114 0.011882812500000029 0.02308333333333334
2 0.546171875 0.39158333333333334 0.014476562499999979 0.02666666666666673
2 0.576078125 0.3858611111111111 0.011320312500000007 0.017416666666666615
2 0.6956640625 0.36641666666666667 0.01378906250000007 0.024333333333333308
2 0.786140625 0.3499583333333333 0.013578125000000085 0.024249999999999973
2 0.81628125 0.3470138888888889 0.014289062499999972 0.02418055555555559
2 0.8463515625 0.34094444444444444 0.01485156250000017 0.020625000000000032
2 0.8762656249999999 0.33491666666666664 0.011882812500000029 0.022888888888888913
2 0.937484375 0.3262083333333333 0.014367187499999901 0.02406944444444442
2 0.9670078125 0.32002777777777774 0.014664062499999986 0.023527777777777776
2 0.9955468749999999 0.31505555555555553 0.00890625000000007 0.023236111111111138
2 0.040531250000000005 0.626 0.013429687499999999 0.029666666666666685
2 0.07571093749999999 0.6211666666666666 0.014554687499999996 0.027166666666666592
2 0.1100546875 0.6140277777777778 0.012398437500000003 0.024319444444444432
2 0.144984375 0.607375 0.013132812500000002 0.02819444444444438
2 0.212953125 0.5971944444444445 0.017484374999999996 0.032055555555555615
2 0.2472578125 0.5895972222222222 0.015023437500000014 0.025194444444444426
2 0.2795390625 0.5858749999999999 0.013218749999999968 0.02527777777777784
2 0.313 0.5789583333333334 0.01411718750000004 0.02574999999999995
2 0.378578125 0.5674027777777777 0.015593750000000028 0.02766666666666661
2 0.4115078125 0.5607916666666667 0.013078125000000006 0.023763888888888907
2 0.4436484375 0.5551666666666667 0.013749999999999929 0.025402777777777726
2 0.4757109375 0.5503194444444445 0.0134765625 0.024305555555555556
2 0.57084375 0.5318472222222222 0.015328124999999915 0.027430555555555555
2 0.6020546875 0.5260833333333333 0.013984375000000071 0.0244305555555556
2 0.790734375 0.4935972222222222 0.014726562499999929 0.02677777777777774
2 0.729171875 0.5054722222222222 0.01478906250000005 0.024791666666666698
2 0.8852890625000001 0.47794444444444445 0.014015625000000042 0.0277638888888889
2 0.9174921875000001 0.47130555555555553 0.013015624999999887 0.025152777777777798
2 0.948625 0.4656388888888889 0.014507812500000128 0.02901388888888887
1 0.9103828125 0.3347777777777778 0.024562500000000043 0.01115277777777774
1 0.9780625000000001 0.4549861111111111 0.023867187500000143 0.015416666666666698
1 0.81875 0.48265277777777776 0.024867187499999943 0.010611111111111092
1 0.7595078125 0.3597361111111111 0.022312499999999957 0.01097222222222219
1 0.344796875 0.5660555555555555 0.024570312500000035 0.011416666666666705
1 0.177328125 0.5953472222222221 0.025375000000000016 0.012736111111111054
1 0.144171875 0.4631111111111111 0.025875000000000002 0.013041666666666648
4 0.10889062499999999 0.2663333333333333 0.1490234375 0.05226388888888888
4 0.39890625 0.21988888888888888 0.14235156250000003 0.0547638888888889
4 0.6818203125 0.17622222222222222 0.13865625 0.05704166666666666
4 0.93315625 0.7200138888888888 0.1336796875000001 0.08174999999999993
4 0.61075 0.7812083333333334 0.17183593750000004 0.08138888888888876
4 0.2565234375 0.84375 0.1784296875 0.09404166666666672