2 0.3045 0.4763194444444444 0.008445312499999958 0.02315277777777772
2 0.336984375 0.4747222222222222 0.011007812500000025 0.026263888888888844
2 0.3996328125 0.47113888888888894 0.018546875000000008 0.025361111111111098
2 0.431203125 0.4704861111111111 0.014101562499999965 0.028250000000000046
2 0.4624921875 0.4675972222222222 0.014734374999999921 0.02456944444444452
2 0.558015625 0.46044444444444443 0.013859375000000007 0.031194444444444493
2 0.5899062500000001 0.4589583333333333 0.016390625000000013 0.030319444444444503
2 0.6210390625 0.45816666666666667 0.015070312499999971 0.024555555555555487
2 0.6520312500000001 0.45505555555555555 0.013468750000000007 0.02461111111111115
2 0.715875 0.45111111111111113 0.011851562500000056 0.027166666666666592
2 0.7466406250000001 0.4495138888888889 0.01899999999999995 0.03024999999999996
2 0.7766484375 0.4464722222222222 0.01651562500000008 0.027652777777777734
2 0.8743124999999999 0.44004166666666666 0.016453124999999957 0.028069444444444494
2 0.905859375 0.43793055555555555 0.017148437499999857 0.028027777777777707
2 0.9382109375000001 0.43579166666666663 0.017085937499999915 0.03001388888888891
2 0.9701796874999999 0.4337222222222222 0.015070312499999971 0.02588888888888887
2 0.3143359375 0.6398194444444445 0.01635156249999996 0.031972222222222194
2 0.3471640625 0.6397222222222223 0.01724218750000004 0.03387499999999998
2 0.415453125 0.6323611111111112 0.01721874999999997 0.03169444444444451
2 0.447984375 0.6311805555555555 0.015164062500000065 0.03143055555555555
2 0.4809609375 0.6290277777777777 0.017539062500000036 0.03341666666666659
2 0.5136484375 0.6272361111111111 0.01814062500000002 0.03191666666666669
2 0.5804765625 0.6199722222222223 0.01638281250000002 0.027861111111111034
2 0.6798124999999999 0.6157222222222222 0.018398437499999965 0.03611111111111111
2 0.7459453125 0.6098888888888889 0.019960937499999963 0.03280555555555556
2 0.7803359375000001 0.6086527777777778 0.017234374999999958 0.030763888888888858
2 0.8123906249999999 0.6064722222222223 0.016257812499999958 0.030152777777777827
2 0.8462890625 0.6060138888888889 0.01851562499999986 0.02808333333333337
2 0.9137734375000001 0.59975 0.016476562500000114 0.029277777777777833
2 0.9468828125 0.5978888888888889 0.01765624999999993 0.02652777777777781
2 0.98121875 0.5956388888888889 0.015960937499999873 0.027347222222222297
1 0.368765625 0.47887500000000005 0.023929687499999998 0.013624999999999924
1 0.37996093750000004 0.6276666666666667 0.02630468749999997 0.011847222222222184
1 0.5468984375 0.6154583333333333 0.026937500000000014 0.010472222222222171
1 0.528546875 0.4687916666666666 0.02418750000000003 0.013833333333333383
1 0.8436640625 0.44811111111111107 0.026101562499999887 0.011625000000000007
1 0.8775546875 0.5946666666666667 0.028835937499999888 0.012208333333333283
4 0.42142187499999995 0.9200694444444445 0.17657812499999997 0.095611111111111
4 0.7803046874999999 0.8929444444444444 0.17580468750000006 0.07712499999999996
4 0.0532890625 0.2714861111111111 0.106578125 0.057611111111111134
4 0.3667734375 0.25831944444444443 0.1477265625 0.06383333333333331
4 0.94171875 0.21981944444444446 0.11656249999999986 0.06786111111111114
4 0.65896875 0.24125 0.13689062500000002 0.05827777777777775