5 0.4009765625 0.03234722222222222 0.010789062499999957 0.036777777777777784
2 0.9532578125000001 0.6581805555555555 0.015554687499999886 0.02840277777777784
2 0.951546875 0.8514861111111112 0.019984374999999943 0.033736111111111064
2 0.9939921875 0.8641944444444445 0.012015625000000085 0.028930555555555456
2 0.8652578125 0.8297222222222221 0.0161015625000001 0.029736111111111223
2 0.8228125000000001 0.8210138888888889 0.01953906250000017 0.037638888888888763
2 0.7788828125 0.8088888888888889 0.018585937499999972 0.03458333333333346
2 0.7373125 0.7993194444444445 0.017835937499999944 0.029388888888889002
2 0.6556171875000001 0.7774166666666666 0.017898437500000065 0.03670833333333342
2 0.6127578125 0.7680972222222222 0.02240625000000005 0.03436111111111113
2 0.5726796875 0.7568888888888889 0.02072656249999998 0.0375
2 0.53596875 0.7506111111111112 0.019226562499999923 0.038902777777777765
2 0.45660937500000004 0.7288611111111111 0.01596093750000005 0.027930555555555417
2 0.41754687500000004 0.7202916666666667 0.01799999999999997 0.028249999999999966
2 0.3788828125 0.7113055555555555 0.01617968750000003 0.027708333333333397
2 0.3386171875 0.7017222222222222 0.019484375000000043 0.030027777777777705
2 0.22253906250000002 0.6761666666666666 0.017648437500000023 0.029944444444444367
2 0.18655468749999998 0.6664444444444444 0.018523437499999983 0.03293055555555561
2 0.14878906249999999 0.6585138888888888 0.018914062499999985 0.028180555555555504
2 0.0694453125 0.6389444444444444 0.01785937499999999 0.03000000000000003
2 0.0334921875 0.6322916666666667 0.019414062500000002 0.030805555555555485
2 0.9114218749999999 0.6510833333333333 0.014210937500000043 0.02543055555555548
2 0.8688984375000001 0.6395 0.016757812499999858 0.026402777777777765
2 0.829484375 0.6305 0.01721874999999997 0.028541666666666604
2 0.750484375 0.6131527777777778 0.015539062500000079 0.026083333333333295
2 0.7113984375 0.6045 0.018171874999999994 0.027583333333333352
2 0.6732812499999999 0.5949444444444445 0.015195312500000035 0.028611111111111143
2 0.6341328125000001 0.5858333333333333 0.01693750000000005 0.02379166666666666
2 0.48559374999999994 0.5510833333333333 0.016007812500000006 0.02425000000000005
2 0.3757421875 0.5271527777777778 0.016132812499999982 0.025916666666666623
2 0.3385703125 0.5189861111111111 0.017874999999999995 0.027041666666666703
2 0.30253125000000003 0.511 0.016023437499999994 0.029861111111111113
2 0.2671875 0.502875 0.01714062500000004 0.02506944444444438
2 0.1938359375 0.4865 0.017632812500000018 0.025152777777777798
2 0.157046875 0.4787638888888889 0.01881249999999999 0.028499999999999973
2 0.121203125 0.47150000000000003 0.018124999999999992 0.026055555555555544
2 0.08503125 0.46375 0.018500000000000006 0.026541666666666686
1 0.2253828125 0.5013194444444444 0.026359375000000008 0.01722222222222219
1 0.1143515625 0.6417638888888889 0.030085937499999993 0.01751388888888891
1 0.305890625 0.6865555555555556 0.028789062500000018 0.01580555555555555
1 0.4993203125 0.7322083333333335 0.02748437500000005 0.017180555555555404
1 0.7860390624999999 0.6279027777777777 0.030765624999999998 0.01800000000000005
1 0.70078125 0.7806805555555556 0.02941406250000007 0.016111111111110986
1 0.911796875 0.8340972222222222 0.031570312499999885 0.01822222222222207
1 0.98803125 0.6753472222222222 0.0239374999999999 0.014986111111111061
4 0.5562890625 0.32706944444444447 0.12957031249999992 0.07658333333333331
4 0.9213906250000001 0.40547222222222223 0.15140625000000013 0.07856944444444451