2 0.007539062500000001 0.4688333333333333 0.015078125000000001 0.030916666666666655
2 0.0468984375 0.46805555555555556 0.015562500000000007 0.031194444444444493
2 0.08838281249999999 0.46658333333333335 0.011812500000000004 0.02990277777777774
2 0.1685234375 0.46169444444444446 0.012789062500000004 0.028513888888888853
2 0.20894531249999998 0.4601944444444444 0.012718749999999978 0.028041666666666742
2 0.2500078125 0.4588194444444445 0.015500000000000024 0.029458333333333385
2 0.290015625 0.45775 0.013703124999999972 0.025625000000000064
2 0.36946875 0.45252777777777775 0.015945312499999975 0.030305555555555624
2 0.4092734375 0.4517777777777777 0.013546874999999936 0.02712499999999996
2 0.448171875 0.45109722222222226 0.01498437500000005 0.02574999999999995
2 0.566234375 0.44527777777777783 0.01450781249999995 0.02752777777777785
2 0.76509375 0.4335555555555556 0.011609374999999922 0.024194444444444387
2 0.8051796875000001 0.43356944444444445 0.0154296875 0.0275555555555556
2 0.8826953124999999 0.4306388888888889 0.012093750000000014 0.02506944444444438
2 0.963875 0.4291388888888889 0.014210937500000043 0.028777777777777815
2 0.91875 0.5905833333333333 0.014453125 0.024888888888888832
2 0.8759921875 0.59175 0.013539062499999944 0.03394444444444452
2 0.8375703124999999 0.5942083333333333 0.015656249999999972 0.030458333333333264
2 0.7125703125 0.5975833333333334 0.017062499999999935 0.028597222222222267
2 0.6711640625 0.6021527777777778 0.014164062500000085 0.02958333333333327
2 0.587421875 0.6043055555555555 0.014460937499999993 0.028847222222222198
2 0.5039374999999999 0.6076111111111111 0.011507812500000015 0.028777777777777815
2 0.4628203125 0.6105833333333334 0.013179687499999915 0.03134722222222229
2 0.3808515625 0.6153333333333334 0.01514843749999999 0.027458333333333307
2 0.42224218750000003 0.6126666666666667 0.013078125000000006 0.033861111111111106
2 0.29772656249999996 0.619375 0.01478906249999996 0.028819444444444446
2 0.255140625 0.6212777777777778 0.016335937499999974 0.027611111111111104
2 0.2139140625 0.6238333333333334 0.013078125000000006 0.02936111111111109
2 0.1711875 0.6257083333333333 0.012453124999999999 0.02809722222222225
2 0.085046875 0.6301944444444445 0.013624999999999998 0.027000000000000076
2 0.0416015625 0.6312083333333334 0.016281250000000004 0.025694444444444443
1 0.12934375 0.4704444444444445 0.03057812499999999 0.009152777777777822
1 0.1291640625 0.6206111111111111 0.031148437500000004 0.01338888888888887
1 0.3294921875 0.4612222222222222 0.028843749999999967 0.015111111111111105
1 0.339203125 0.610111111111111 0.03459374999999998 0.01700000000000001
1 0.5279140625000001 0.4545416666666666 0.033085937499999926 0.014222222222222235
1 0.5443749999999999 0.5992083333333333 0.03206249999999997 0.013624999999999924
1 0.7538828125 0.5902916666666667 0.033500000000000085 0.010875000000000056
1 0.9246640625 0.4344722222222222 0.030062500000000013 0.012625000000000044
1 0.9595625 0.5825 0.0329218749999999 0.01206944444444452
4 0.1281796875 0.255 0.142796875 0.0634166666666667
4 0.50028125 0.2410138888888889 0.13617187499999997 0.06115277777777782
4 0.87115625 0.22031944444444443 0.14085156249999997 0.05647222222222218
4 0.576703125 0.8861527777777778 0.16409374999999998 0.08652777777777772
4 0.12878125 0.914486111111111 0.1724140625 0.0904444444444446