2 0.984171875 0.3589305555555556 0.012851562499999858 0.021041666666666636
2 0.98846875 0.4862638888888889 0.014585937500000057 0.0271944444444445
2 0.9503828125 0.3619583333333333 0.011328125 0.024055555555555587
2 0.8835859375 0.3646388888888889 0.015804687500000015 0.021791666666666702
2 0.9172968750000001 0.48973611111111115 0.014617187500000028 0.023458333333333314
2 0.8488749999999999 0.3629722222222222 0.012132812500000156 0.0249166666666667
2 0.8796484375 0.4888888888888889 0.013937500000000113 0.02634722222222226
2 0.7836093749999999 0.3660833333333333 0.013124999999999965 0.021638888888888905
2 0.8455078125 0.48825 0.01426562500000017 0.029638888888888933
2 0.8088906250000001 0.4898472222222222 0.017359374999999844 0.025194444444444426
2 0.68340625 0.36963888888888885 0.013406250000000064 0.022652777777777702
2 0.6514765625 0.3670555555555555 0.010437499999999923 0.02358333333333336
2 0.738421875 0.4920555555555555 0.012796875000000086 0.025055555555555505
2 0.703390625 0.49201388888888886 0.015789062500000027 0.02616666666666671
2 0.6691874999999999 0.4938055555555556 0.012414062500000078 0.02550000000000002
2 0.6329921875 0.49343055555555554 0.018070312500000085 0.026263888888888844
2 0.5654921875000001 0.49606944444444445 0.011726562499999992 0.028486111111111097
2 0.45802343749999996 0.37159722222222225 0.011203124999999935 0.021986111111111168
2 0.48990625000000004 0.3723333333333333 0.011953124999999964 0.02437499999999994
2 0.49544531249999996 0.49623611111111116 0.012085937500000022 0.02513888888888892
2 0.46126562499999996 0.49837499999999996 0.014679687499999972 0.02550000000000002
2 0.3929921875 0.37288888888888894 0.010484374999999968 0.017986111111111175
2 0.3931953125 0.49970833333333337 0.011921874999999993 0.02358333333333336
2 0.36109375 0.37577777777777777 0.008617187499999979 0.021194444444444432
2 0.35825 0.5013611111111111 0.012359375000000039 0.02383333333333329
2 0.3281953125 0.3737222222222222 0.013132812499999957 0.021652777777777823
2 0.32309375 0.5023611111111111 0.010664062499999983 0.024319444444444432
2 0.2956796875 0.37622222222222224 0.009859375000000004 0.023624999999999986
2 0.28802343750000003 0.5027083333333333 0.01512500000000001 0.023486111111111065
2 0.23082031249999999 0.3765 0.011359374999999972 0.022652777777777702
2 0.1827890625 0.5046805555555556 0.010507812499999991 0.025902777777777747
2 0.1971953125 0.3762361111111111 0.011007812499999981 0.0205833333333334
2 0.16321875 0.3776111111111111 0.012523437500000022 0.02486111111111108
2 0.129265625 0.37619444444444444 0.011515625000000007 0.020513888888888863
2 0.1486484375 0.506375 0.012757812499999988 0.021513888888888902
2 0.11178906250000001 0.5059305555555556 0.01516406250000002 0.02687500000000003
2 0.027171875 0.37927777777777777 0.013179687500000004 0.025152777777777798
2 0.0620703125 0.3794583333333333 0.013507812499999994 0.02550000000000002
2 0.0382734375 0.5067222222222222 0.012226562500000005 0.022361111111111144
1 0.0957890625 0.38304166666666667 0.0277578125 0.009791666666666603
1 0.07571875 0.5009444444444444 0.029789062499999998 0.01231944444444445
1 0.262203125 0.3804861111111111 0.026960937499999994 0.010805555555555518
1 0.2535546875 0.4971388888888889 0.02852343749999999 0.01083333333333327
1 0.4283125 0.4940277777777778 0.026406249999999964 0.009166666666666698
1 0.599375 0.4888888888888889 0.026320312500000043 0.011097222222222234
1 0.7508984375 0.3701805555555555 0.026609374999999956 0.010000000000000063
1 0.7728359375 0.4857083333333333 0.025023437499999978 0.012347222222222204
1 0.918203125 0.36595833333333333 0.02843750000000007 0.01225000000000007
1 0.9506640624999999 0.4820277777777778 0.028179687500000127 0.011083333333333358
4 0.27621093750000003 0.217875 0.10974218750000002 0.04895833333333333
4 0.19553125000000002 0.7182916666666667 0.06612500000000002 0.04512500000000001