2 0.015 0.4300277777777778 0.005937500000000001 0.012486111111111123
2 0.038046875 0.43147222222222226 0.005398437499999997 0.013569444444444419
2 0.0843515625 0.43048611111111107 0.00625 0.012569444444444381
2 0.107640625 0.4304722222222222 0.006578125000000013 0.014083333333333314
2 0.130375 0.4298888888888889 0.006328125000000018 0.01288888888888885
2 0.1532734375 0.4299305555555556 0.005367187500000004 0.012694444444444425
2 0.19835937499999998 0.43030555555555555 0.006140624999999988 0.014027777777777809
2 0.220984375 0.42994444444444446 0.005656250000000007 0.013624999999999924
2 0.24339062500000003 0.43018055555555557 0.0057734374999999895 0.013500000000000038
2 0.570765625 0.4286388888888889 0.005695312499999971 0.012777777777777841
2 0.5924921875 0.42809722222222224 0.007070312499999965 0.012736111111111054
2 0.6361875 0.4272916666666666 0.006640625 0.013944444444444395
2 0.657765625 0.4272916666666666 0.005984375000000064 0.012694444444444425
2 0.6795546875 0.42727777777777776 0.0059921875000000565 0.013180555555555569
2 0.7016953125 0.426875 0.006101562499999958 0.01288888888888885
2 0.745375 0.42680555555555555 0.005710937499999957 0.01274999999999993
2 0.767875 0.4264861111111111 0.005171874999999914 0.014333333333333403
2 0.7897031250000001 0.4262916666666667 0.006320312499999936 0.013277777777777703
2 0.811734375 0.42606944444444445 0.006210937499999858 0.012847222222222222
2 0.8567265624999999 0.4252638888888889 0.0068828124999999575 0.01384722222222226
2 0.8788828125 0.42469444444444443 0.005953124999999915 0.012986111111111143
2 0.9016249999999999 0.42477777777777775 0.005835937499999844 0.014416666666666661
2 0.9239453125000001 0.4239583333333333 0.006289062500000142 0.013305555555555612
2 0.9700312500000001 0.42359722222222224 0.007492187500000113 0.013624999999999924
2 0.9930390625 0.42319444444444443 0.007882812500000114 0.015402777777777822
2 0.01503125 0.5448611111111111 0.007539062499999999 0.014333333333333403
2 0.0638984375 0.543625 0.006398437499999998 0.014999999999999937
2 0.08828125 0.5434861111111111 0.007210937499999992 0.013166666666666691
2 0.1121328125 0.5440138888888889 0.00690624999999998 0.014152777777777854
2 0.135953125 0.5437222222222222 0.006367187499999982 0.01643055555555561
2 0.1840078125 0.5426944444444445 0.006523437500000018 0.014527777777777829
2 0.20763281249999999 0.5426388888888889 0.006406250000000035 0.015013888888888813
2 0.5751328124999999 0.5387361111111111 0.0063359374999999215 0.013749999999999969
2 0.59825 0.5391805555555556 0.005546874999999929 0.014652777777777714
2 0.643875 0.5387916666666667 0.006421875000000021 0.014472222222222166
2 0.6671953125 0.5386111111111112 0.005734374999999936 0.015888888888888966
2 0.6896171875 0.538236111111111 0.006187500000000057 0.013944444444444395
2 0.7123125 0.5372083333333334 0.006218750000000028 0.014875000000000051
2 0.7821484375 0.5375 0.006476562499999972 0.01427777777777774
2 0.8052890625 0.5373611111111111 0.007062499999999972 0.01459722222222221
2 0.829015625 0.5379722222222222 0.006804687500000029 0.015833333333333303
2 0.875796875 0.5371388888888889 0.007992187500000015 0.01473611111111113
2 0.899875 0.5372083333333334 0.0068906250000001276 0.014291666666666616
2 0.9231484375000001 0.5371805555555556 0.007273437499999957 0.01423611111111111
2 0.947625 0.5372777777777777 0.006515625000000113 0.014416666666666661
2 0.9960390625000001 0.5368194444444444 0.007921874999999901 0.014111111111111067
1 0.0605625 0.43494444444444447 0.016351562500000007 0.00458333333333327
1 0.17542968750000001 0.43495833333333334 0.0170390625 0.005722222222222228
1 0.614171875 0.4320138888888889 0.017343750000000036 0.00433333333333334
1 0.72390625 0.431 0.014992187500000042 0.004527777777777765
1 0.9481171875 0.4286805555555555 0.017289062500000084 0.0049444444444443686
1 0.835 0.43009722222222224 0.016632812499999972 0.004972222222222279
1 0.8511953125 0.5320138888888889 0.016937499999999873 0.0057638888888888575
1 0.7351796875 0.5325694444444444 0.016781250000000015 0.004083333333333409
1 0.6204921875 0.5336805555555556 0.01646093749999995 0.005166666666666705
1 0.160859375 0.5381388888888888 0.016531250000000018 0.00458333333333327
1 0.040023437499999995 0.5399722222222222 0.017757812500000004 0.00490277777777774
4 0.19632812500000002 0.28097222222222223 0.07582812500000002 0.03674999999999997
4 0.4024453125 0.28250000000000003 0.07527343749999997 0.04345833333333336
4 0.6040390625 0.2802777777777778 0.07322656250000001 0.040777777777777795
4 0.809421875 0.279625 0.07548437499999991 0.04129166666666669
4 0.13372656249999998 0.7390972222222222 0.09529687500000002 0.05108333333333329
4 0.3863359375 0.7339861111111111 0.08911718749999994 0.051708333333333356
4 0.6325546875 0.7317638888888889 0.08848437499999999 0.05451388888888889
4 0.8840937500000001 0.7334166666666666 0.09646875000000002 0.05601388888888887