3 0.649796875 0.1580416666666667 0.012523437499999979 0.0894027777777778
3 0.47390625000000003 0.14516666666666667 0.013398437500000072 0.09022222222222223
5 0.07242968749999999 0.16112500000000002 0.007382812499999991 0.022958333333333334
3 0.147640625 0.8544444444444446 0.01651562499999999 0.134263888888889
2 0.0304375 0.3939027777777778 0.007984374999999998 0.01154166666666659
2 0.051164062499999996 0.39531944444444445 0.007359374999999996 0.01122222222222228
2 0.0725390625 0.39787500000000003 0.007210937499999992 0.010597222222222216
2 0.09358593750000001 0.4008333333333334 0.007054687500000001 0.010777777777777765
2 0.1350546875 0.40504166666666663 0.006476562500000016 0.009736111111111098
2 0.155953125 0.4061111111111111 0.007148437499999982 0.011305555555555537
2 0.1770390625 0.40873611111111113 0.006757812499999983 0.009444444444444382
2 0.197953125 0.41115277777777776 0.0067812499999999835 0.01083333333333327
2 0.2393359375 0.4157361111111111 0.005406249999999968 0.010486111111111049
2 0.26028125 0.41704166666666664 0.005867187499999993 0.010513888888888958
2 0.2809609375 0.419375 0.006585937499999961 0.01058333333333334
2 0.30159375 0.42175 0.006320312500000025 0.011319444444444413
2 0.3431640625 0.42651388888888886 0.006039062500000014 0.011680555555555512
2 0.36353125 0.4283194444444444 0.0056406250000000215 0.010999999999999944
2 0.3842578125 0.4302361111111111 0.006140625000000011 0.011972222222222228
2 0.40507031250000003 0.43225 0.006171875000000071 0.011111111111111112
2 0.44671093749999996 0.4363888888888889 0.0060703124999999854 0.011944444444444476
2 0.46764062500000003 0.43804166666666666 0.0053828125000000785 0.010388888888888914
2 0.489234375 0.44006944444444446 0.004109374999999993 0.010430555555555544
2 0.509328125 0.44152777777777774 0.005226562500000043 0.010180555555555613
2 0.5512265625 0.446 0.005492187499999979 0.010527777777777834
2 0.572890625 0.44822222222222224 0.005453125000000014 0.01125000000000003
2 0.59365625 0.4498333333333333 0.005304687499999972 0.012444444444444496
2 0.6152109375 0.45288888888888884 0.005703124999999964 0.011111111111111112
2 0.6582265625 0.45631944444444444 0.005195312500000071 0.011680555555555512
2 0.679921875 0.45825 0.005859375 0.01151388888888884
2 0.7019609375 0.46026388888888886 0.0054609375000000075 0.012374999999999955
2 0.7904765625 0.468625 0.0048359375000000425 0.010819444444444394
2 0.8352656250000001 0.47256944444444443 0.005343750000000114 0.011777777777777804
2 0.8803906250000001 0.4766944444444445 0.0054765625000001705 0.011999999999999981
2 0.9037109375 0.4787777777777778 0.005499999999999972 0.012138888888888902
2 0.927546875 0.48056944444444444 0.0060937500000001425 0.012874999999999975
2 0.9508749999999999 0.4825 0.0067890625000000425 0.013861111111111137
2 0.9452578125000001 0.5748472222222222 0.006773437500000057 0.015597222222222247
2 0.9950703125 0.5798055555555556 0.006320312500000114 0.013347222222222241
2 0.920125 0.5713194444444445 0.006039062500000014 0.01416666666666673
2 0.8950156249999999 0.5693333333333334 0.006374999999999886 0.013944444444444395
2 0.8704140625000001 0.5663055555555556 0.006171875000000071 0.015388888888888945
2 0.8226093750000001 0.5620694444444444 0.006953125000000071 0.014416666666666661
2 0.7990390625 0.5594027777777778 0.007117187500000011 0.013763888888888845
2 0.7748125 0.5567083333333334 0.006656249999999986 0.01605555555555548
2 0.7516640625 0.5544861111111111 0.00625 0.013305555555555612
2 0.70490625 0.5498611111111111 0.006679687499999964 0.013624999999999924
2 0.6822578125 0.5465555555555556 0.007554687500000057 0.013347222222222241
2 0.6595156249999999 0.5434583333333334 0.007296874999999936 0.01293055555555548
2 0.63621875 0.5417638888888889 0.006601562500000035 0.013763888888888845
2 0.5912265624999999 0.5367638888888889 0.0068359375 0.01455555555555558
2 0.5693359375 0.5349583333333333 0.005804687500000049 0.013416666666666622
2 0.546765625 0.5327638888888888 0.006781250000000049 0.012416666666666742
2 0.5242109375 0.5301111111111111 0.00639062500000005 0.012736111111111054
2 0.48019531249999997 0.5256666666666667 0.00639062500000005 0.012333333333333326
2 0.45823437499999997 0.5233333333333333 0.006921874999999922 0.013166666666666691
2 0.436328125 0.5217638888888889 0.006132812499999929 0.01352777777777779
2 0.4140703125 0.5200972222222222 0.0066171875000000215 0.013194444444444444
2 0.37112500000000004 0.5161111111111112 0.0067890625000000425 0.012736111111111054
2 0.34903125 0.5134861111111111 0.006187499999999968 0.012986111111111143
2 0.3274921875 0.5104444444444444 0.007273437499999957 0.012902777777777727
2 0.3050390625 0.5090555555555555 0.007367187499999961 0.013624999999999924
2 0.26190625 0.5037083333333333 0.008281250000000018 0.013930555555555517
2 0.24035156249999998 0.5016388888888889 0.007085937500000039 0.013791666666666598
2 0.2184140625 0.49905555555555553 0.007359374999999968 0.012125000000000025
2 0.19646875000000003 0.4966666666666667 0.007914062500000018 0.013333333333333365
2 0.152484375 0.4923472222222222 0.007695312500000018 0.011208333333333403
2 0.13021875 0.4897222222222223 0.008156249999999999 0.012944444444444514
2 0.10795312500000001 0.48915277777777777 0.008343750000000006 0.01281944444444447
2 0.08589843750000001 0.48577777777777775 0.009234374999999994 0.013569444444444419
2 0.0418828125 0.48125 0.007906250000000004 0.013013888888888896
2 0.018578125 0.47906944444444444 0.009593750000000002 0.01313888888888894
1 0.006937500000000002 0.3960555555555556 0.0138671875 0.006888888888888939
1 0.112265625 0.40622222222222226 0.015765625000000005 0.008722222222222185
1 0.065828125 0.4807916666666667 0.01656249999999999 0.008194444444444412
1 0.21666406249999998 0.4162638888888889 0.013843750000000021 0.00891666666666661
1 0.1762265625 0.4911805555555555 0.016671874999999982 0.006472222222222178
1 0.32063281250000003 0.42780555555555555 0.01592968749999999 0.008638888888888927
1 0.284890625 0.5028194444444444 0.016945312500000042 0.008125000000000032
1 0.4245078125 0.43777777777777777 0.014421875000000028 0.007805555555555562
1 0.3945234375 0.5142638888888889 0.016257812499999958 0.007652777777777765
1 0.5291796875 0.4480555555555556 0.016453124999999957 0.008472222222222254
1 0.6358828125 0.4579305555555555 0.015242187499999994 0.007458333333333339
1 0.6153984375 0.5356666666666666 0.017109375000000072 0.008069444444444369
1 0.7292500000000001 0.5482638888888889 0.017054687499999943 0.007319444444444419
1 0.8576328125 0.47881944444444446 0.017843750000000113 0.0056805555555556
1 0.9751562500000001 0.48965277777777777 0.01832031249999986 0.005180555555555581
1 0.969765625 0.5732361111111112 0.01874218749999983 0.005861111111111149
4 0.1703046875 0.30093055555555553 0.09558593750000002 0.03540277777777779
4 0.36430468749999995 0.31969444444444445 0.09507812499999999 0.038402777777777744
4 0.2104609375 0.6504583333333334 0.11127343750000003 0.04905555555555562
4 0.4469140625 0.6760138888888889 0.10256249999999997 0.0472361111111111
4 0.68965625 0.7057361111111111 0.11750000000000008 0.05355555555555548
4 0.7590078124999999 0.3527638888888889 0.09823437499999992 0.037041666666666646
4 0.95584375 0.7349166666666667 0.08831249999999997 0.052583333333333274
4 0.971015625 0.36595833333333333 0.05796874999999986 0.03668055555555555