2 0.007765625 0.4193472222222222 0.007304687499999999 0.012736111111111054
2 0.0344765625 0.4191527777777778 0.006703124999999999 0.014069444444444438
2 0.088078125 0.4205277777777777 0.006203124999999999 0.01225000000000007
2 0.1152265625 0.42030555555555554 0.006031250000000021 0.01288888888888885
2 0.1414140625 0.42108333333333337 0.005562500000000003 0.011555555555555624
2 0.16775 0.4215277777777778 0.006820312500000014 0.011722222222222299
2 0.22053124999999998 0.42270833333333335 0.006085937499999972 0.012708333333333302
2 0.2463359375 0.42304166666666665 0.006265624999999986 0.012208333333333283
2 0.2726796875 0.42293055555555553 0.006312500000000032 0.011986111111111105
2 0.37614843750000004 0.42475 0.004937500000000039 0.012708333333333302
2 0.40175 0.4250833333333333 0.004328124999999972 0.012222222222222159
2 0.4268203125 0.4256111111111111 0.0053828125000000785 0.012263888888888946
2 0.47815624999999995 0.42580555555555555 0.005539062499999936 0.011916666666666723
2 0.5035390625 0.42643055555555553 0.005703124999999964 0.011736111111111175
2 0.5549296874999999 0.4271111111111111 0.004648437500000035 0.013097222222222153
2 0.7363906250000001 0.4284861111111111 0.005828125000000029 0.013291666666666736
2 0.7628046875 0.4292222222222222 0.0058125000000000425 0.01259722222222229
2 0.789484375 0.4285 0.006539062499999915 0.011874999999999938
2 0.8158749999999999 0.43004166666666666 0.0054453124999998435 0.012777777777777841
2 0.8696796875 0.4298888888888889 0.006023437500000029 0.014291666666666616
2 0.896484375 0.4300694444444444 0.0067109375000001135 0.012847222222222222
2 0.9238359375 0.4305 0.006320312500000114 0.011874999999999938
2 0.9511875 0.4304722222222222 0.006757812500000071 0.011819444444444431
2 0.9685078125000001 0.5389166666666666 0.0075781249999998575 0.014111111111111067
2 0.9397968750000001 0.5377777777777778 0.00723437500000017 0.013763888888888845
2 0.9105390625 0.536875 0.00760937499999983 0.014930555555555556
2 0.8824765625 0.5371111111111111 0.007859374999999957 0.012444444444444496
2 0.8253046875000001 0.5355694444444444 0.008046875000000142 0.014472222222222166
2 0.797703125 0.5347083333333333 0.006679687500000054 0.014680555555555625
2 0.7693125000000001 0.5345555555555556 0.0059062499999999575 0.013097222222222153
2 0.7415468749999999 0.5342083333333333 0.006031250000000021 0.013694444444444464
2 0.65925 0.5331805555555555 0.005109374999999972 0.01420833333333336
2 0.6324296875 0.5323333333333333 0.004937499999999951 0.015069444444444476
2 0.6051640625 0.53225 0.005335937499999943 0.014263888888888864
2 0.5509140625 0.5311388888888889 0.007023437500000007 0.01459722222222221
2 0.49655468750000004 0.5300555555555555 0.006062499999999993 0.013236111111111074
2 0.46889062499999995 0.5304027777777778 0.005625000000000035 0.01512499999999998
2 0.41546874999999994 0.5295416666666667 0.006031250000000021 0.017097222222222146
2 0.3890859375 0.5301388888888888 0.006492187499999957 0.01711111111111118
2 0.3341796875 0.5285416666666667 0.005867187499999993 0.016361111111111073
2 0.1417890625 0.526263888888889 0.0076562500000000085 0.016347222222222197
2 0.11364062500000001 0.5243888888888889 0.0076015625000000146 0.015236111111111148
2 0.08494531250000001 0.5252083333333333 0.007304687499999995 0.014319444444444369
2 0.057234375000000004 0.5243888888888889 0.007820312499999992 0.014361111111111156
1 0.059601562500000003 0.4237083333333333 0.020195312499999996 0.0065833333333333455
1 0.030382812500000002 0.5197916666666667 0.021015625000000003 0.006055555555555574
1 0.17115625 0.5216388888888889 0.0192890625 0.0052361111111110855
1 0.1924765625 0.42541666666666667 0.01639843750000001 0.004861111111111111
1 0.306890625 0.523625 0.015796875000000023 0.004069444444444375
1 0.4526875 0.43030555555555555 0.01824218749999993 0.005208333333333333
1 0.580171875 0.4306944444444445 0.018585937499999972 0.005777777777777733
1 0.5774843749999999 0.5265833333333333 0.01860937499999995 0.005500000000000051
1 0.713609375 0.5285833333333333 0.019523437500000008 0.005652777777777848
1 0.709953125 0.43259722222222224 0.01799218749999998 0.004444444444444508
1 0.8428828125000001 0.4337638888888889 0.0197265625 0.0048472222222222345
1 0.8528359375000001 0.5313888888888889 0.019398437499999942 0.004208333333333296
1 0.979390625 0.4351388888888889 0.0188593749999999 0.0056666666666667235
1 0.9933828124999999 0.5340277777777778 0.013234375000000043 0.00433333333333334
4 0.1052265625 0.2858888888888889 0.088140625 0.036416666666666625
4 0.3479375 0.29109722222222223 0.08739062500000001 0.03583333333333335
4 0.584875 0.29555555555555557 0.08362499999999998 0.037861111111111095
4 0.8288046874999999 0.29515277777777776 0.08919531250000005 0.039791666666666635
4 0.8737578125000001 0.7210277777777777 0.11097656250000014 0.05066666666666669
4 0.573078125 0.7134444444444443 0.10492968749999995 0.05613888888888891
4 0.28033593749999997 0.7119583333333334 0.10944531250000003 0.05550000000000005