2 0.0404921875 0.4332361111111111 0.011562499999999998 0.019652777777777745
2 0.067109375 0.43383333333333335 0.012710937500000009 0.02041666666666673
2 0.092359375 0.4358472222222222 0.014242187499999993 0.0210972222222223
2 0.11842187500000001 0.4352361111111111 0.011742187499999978 0.021527777777777778
2 0.168578125 0.43636111111111114 0.01315624999999998 0.022111111111111054
2 0.195171875 0.4374027777777778 0.012656250000000013 0.02251388888888894
2 0.29400781249999997 0.439625 0.010656249999999989 0.020263888888888932
2 0.7131484375 0.4513333333333333 0.011609374999999922 0.021930555555555505
2 0.7392734375 0.45279166666666665 0.013007812500000071 0.02315277777777772
2 0.7890234375 0.4513888888888889 0.012929687499999964 0.021722222222222202
2 0.8140390625 0.4528611111111111 0.009437499999999942 0.017805555555555626
2 0.8383125 0.4527222222222222 0.010921875000000015 0.020333333333333314
2 0.8651562500000001 0.45515277777777774 0.00917187499999983 0.01868055555555562
2 0.9169218750000001 0.4552083333333333 0.010718749999999843 0.015999999999999976
2 0.943171875 0.45606944444444447 0.010914062499999844 0.020499999999999987
2 0.968375 0.45634722222222224 0.011648437499999886 0.01920833333333339
2 0.9948750000000001 0.4574861111111111 0.010249999999999915 0.020555555555555494
2 0.9858593750000001 0.5860000000000001 0.01053906249999983 0.020041666666666597
2 0.9587421875000001 0.5850416666666667 0.011734374999999986 0.020930555555555626
2 0.9312421875 0.5835694444444445 0.013210937499999886 0.020750000000000077
2 0.8766562499999999 0.5816666666666667 0.010726562500000014 0.021611111111111036
2 0.849859375 0.5817777777777777 0.012054687499999873 0.02088888888888884
2 0.824203125 0.5819444444444445 0.0109375 0.01934722222222215
2 0.795984375 0.580875 0.01255468749999995 0.021888888888888878
2 0.742796875 0.5780972222222223 0.010249999999999915 0.020958333333333377
2 0.7176171874999999 0.5774166666666667 0.010632812499999922 0.016819444444444463
2 0.3291015625 0.5679722222222222 0.01127343749999996 0.020250000000000056
2 0.3028984375 0.5675555555555556 0.011687500000000028 0.021277777777777847
2 0.27609374999999997 0.5673472222222222 0.013523437499999957 0.02365277777777774
2 0.2243125 0.565125 0.010890625000000043 0.02105555555555551
2 0.1985390625 0.5643472222222222 0.011117187500000014 0.021361111111111105
2 0.1712578125 0.5626249999999999 0.00885937499999998 0.02070833333333329
2 0.1451640625 0.56275 0.01052343750000002 0.019097222222222224
2 0.0916953125 0.5622638888888889 0.012515625000000008 0.01999999999999997
2 0.0642734375 0.5609861111111112 0.011921874999999993 0.019291666666666648
2 0.03796875 0.5610416666666667 0.009695312499999997 0.020361111111111066
2 0.01028125 0.5604166666666667 0.010867187500000002 0.020930555555555626
1 0.0139375 0.43766666666666665 0.0210703125 0.007888888888888819
1 0.1427265625 0.44131944444444443 0.0197734375 0.009597222222222177
1 0.1197265625 0.55725 0.020843750000000005 0.007180555555555499
1 0.251046875 0.5593472222222222 0.019898437500000022 0.00951388888888892
1 0.76334375 0.45759722222222227 0.018929687500000014 0.007763888888888933
1 0.7687734374999999 0.5729305555555555 0.021421875000000055 0.00898611111111115
1 0.8907343750000001 0.46008333333333334 0.020578125000000114 0.008083333333333402
1 0.90296875 0.5776527777777778 0.020992187499999915 0.009861111111111143
4 0.057382812500000005 0.2653611111111111 0.09225781250000001 0.04847222222222219
4 0.29312499999999997 0.27529166666666666 0.08809375 0.047986111111111125
4 0.523484375 0.28144444444444444 0.08860156250000006 0.045013888888888846
4 0.7529921875000001 0.2839027777777778 0.08524218749999993 0.0473888888888889
4 0.7813125000000001 0.8001805555555556 0.1033125 0.07220833333333335
4 0.218453125 0.7865 0.10910156249999999 0.06772222222222221