1 0.17596875 0.6500694444444445 0.040921874999999996 0.02034722222222219
1 0.426171875 0.67225 0.0359375 0.019416666666666693
1 0.6763828125 0.6933333333333334 0.04168749999999992 0.018708333333333372
1 0.9331328125 0.7199305555555556 0.03907031250000017 0.01945833333333332
1 0.8919609375 0.9103333333333334 0.03985156250000017 0.021333333333333194
1 0.362203125 0.8567638888888889 0.03535937499999999 0.019041666666666717
1 0.10106250000000001 0.835388888888889 0.039914062500000014 0.014430555555555695
2 0.031359375 0.6303611111111111 0.0225 0.035736111111111135
2 0.0787265625 0.634875 0.020718750000000008 0.03286111111111107
2 0.127765625 0.6376388888888889 0.022273437499999993 0.031236111111111124
2 0.22664843750000002 0.644986111111111 0.0189453125 0.02923611111111105
2 0.278265625 0.6496666666666666 0.018960937499999986 0.036208333333333405
2 0.3288828125 0.6534861111111111 0.019656249999999976 0.03433333333333337
2 0.37684375000000003 0.6584444444444444 0.023085937499999966 0.03470833333333335
2 0.4796875 0.6699305555555556 0.022328124999999942 0.03622222222222228
2 0.526984375 0.674625 0.015921875000000085 0.028361111111111056
2 0.6282890625 0.6808055555555556 0.020718749999999987 0.03816666666666669
2 0.73046875 0.689875 0.018492187500000055 0.03320833333333329
2 0.7798359375 0.6948888888888888 0.020703125 0.036097222222222156
2 0.832078125 0.7007777777777778 0.019273437500000056 0.03834722222222224
2 0.885015625 0.7060138888888888 0.0241328124999999 0.03526388888888887
2 0.9864218749999999 0.7164305555555556 0.020976562499999928 0.029138888888888916
2 0.9438359374999999 0.9253888888888888 0.018921874999999845 0.0347361111111111
2 0.8370625 0.9155138888888888 0.022414062500000043 0.0358749999999999
2 0.780640625 0.9088194444444445 0.019632812500000086 0.03498611111111119
2 0.7273515625 0.903388888888889 0.020296875000000013 0.03602777777777785
2 0.5680859375 0.8880277777777777 0.019484375000000043 0.03629166666666682
2 0.5161953125000001 0.8827222222222222 0.021593750000000078 0.037597222222222136
2 0.4633359375 0.8772222222222222 0.021789062500000077 0.03612499999999999
2 0.41084375 0.8712361111111111 0.02136718749999993 0.03845833333333341
2 0.306640625 0.8600000000000001 0.022828125000000022 0.035291666666666784
2 0.254484375 0.859125 0.024648437499999964 0.03873611111111125
2 0.2006875 0.8539722222222222 0.022 0.03968055555555547
2 0.1467109375 0.849736111111111 0.023960937500000012 0.03834722222222208
2 0.045296875 0.839375 0.0222265625 0.039097222222222346
4 0.7579453125 0.4255277777777778 0.1760703125000001 0.0851805555555556