2 0.00553125 0.5124027777777778 0.0086328125 0.01398611111111118
2 0.0288125 0.514125 0.007343750000000005 0.012402777777777709
2 0.05090625 0.5159583333333333 0.009070312500000005 0.01427777777777774
2 0.0741640625 0.5181805555555555 0.009382812499999994 0.013861111111111137
2 0.1188515625 0.5223888888888889 0.009750000000000014 0.014430555555555537
2 0.14128125 0.5246388888888889 0.010101562500000005 0.016527777777777745
2 0.1632578125 0.5256388888888889 0.00989062500000002 0.01731944444444448
2 0.1861484375 0.5277777777777778 0.009296874999999982 0.015999999999999976
2 0.230140625 0.5327361111111111 0.009132812500000042 0.015222222222222272
2 0.25308593749999997 0.5339444444444444 0.008148437499999961 0.01459722222222221
2 0.2978515625 0.537625 0.008445312499999958 0.014138888888888819
2 0.363953125 0.5443888888888888 0.007695312500000018 0.014347222222222279
2 0.38585156249999997 0.5462361111111111 0.00770312500000001 0.012694444444444425
2 0.4079453125 0.5494583333333334 0.007687499999999936 0.013305555555555612
2 0.4522734375 0.5533194444444445 0.007687499999999936 0.014111111111111067
2 0.4748671875 0.5549166666666667 0.007687499999999936 0.013069444444444401
2 0.5194609375 0.5594444444444444 0.007874999999999943 0.013069444444444401
2 0.5646640625 0.563236111111111 0.007632812499999986 0.01370833333333334
2 0.587265625 0.5657222222222222 0.0076015625000000146 0.01352777777777779
2 0.6090859375 0.5680416666666667 0.0068359375 0.013638888888888959
2 0.632359375 0.5693194444444445 0.005710937499999957 0.012277777777777821
2 0.6781640624999999 0.5734583333333333 0.006960937500000064 0.012694444444444425
2 0.7015390625 0.5762083333333333 0.006492187499999957 0.012166666666666654
2 0.7252734375000001 0.5790277777777777 0.006632812500000007 0.014763888888888882
2 0.7482109375 0.5806111111111112 0.005734374999999936 0.014333333333333403
2 0.7956953125 0.584875 0.0062578124999999925 0.01320833333333332
2 0.8195546874999999 0.5878611111111111 0.007781250000000029 0.013111111111111186
2 0.843578125 0.5899583333333334 0.006687499999999957 0.01516666666666661
2 0.8681640625 0.5927638888888889 0.005109374999999972 0.01204166666666661
2 0.9171953125 0.5980972222222222 0.0063515625000000854 0.013069444444444401
2 0.9422109375 0.6002916666666667 0.006593750000000042 0.013416666666666622
2 0.9678828125000001 0.6032916666666667 0.006156250000000085 0.014388888888888908
2 0.9928750000000001 0.6041944444444444 0.004843749999999858 0.014972222222222184
2 0.021835937500000003 0.6186527777777778 0.012671875000000003 0.016611111111111163
2 0.0687734375 0.6240277777777778 0.010757812500000009 0.01519444444444452
2 0.0930546875 0.6250694444444445 0.010304687499999998 0.015180555555555485
2 0.116984375 0.6266944444444444 0.008421874999999978 0.014999999999999937
2 0.1398203125 0.6291805555555555 0.008929687500000005 0.01580555555555555
2 0.1874765625 0.6332638888888888 0.010124999999999985 0.014986111111111061
2 0.21092968750000002 0.636875 0.008820312499999972 0.014624999999999963
2 0.234625 0.6379722222222222 0.009507812499999968 0.016097222222222266
2 0.2582890625 0.6403611111111112 0.007843749999999972 0.015361111111111036
2 0.30382031249999997 0.6447916666666667 0.008273437500000026 0.015222222222222272
2 0.3293125 0.6476666666666666 0.008304687499999996 0.015444444444444452
2 0.351203125 0.6485694444444445 0.009312499999999968 0.016555555555555497
2 0.3742890625 0.6508472222222222 0.008406249999999994 0.014875000000000051
2 0.4216953125 0.6555833333333333 0.008710937500000071 0.01466666666666659
2 0.44559375 0.6572916666666667 0.007499999999999929 0.017416666666666615
2 0.4689296875 0.6600138888888889 0.007039062499999993 0.016458333333333366
2 0.49214843750000004 0.6629583333333333 0.008421874999999978 0.013541666666666667
2 0.5393671875 0.6669305555555556 0.0067968750000000355 0.014569444444444458
2 0.5635 0.6688888888888889 0.0076171875 0.015013888888888813
2 0.5869765625000001 0.6705 0.00828124999999993 0.014791666666666635
2 0.6107812499999999 0.6741666666666666 0.007656249999999964 0.01519444444444452
2 0.6596875 0.6791250000000001 0.006679687499999964 0.015027777777777846
2 0.683734375 0.6805277777777778 0.008101562499999914 0.016847222222222215
2 0.7082421875 0.6840694444444444 0.006562500000000071 0.015638888888888876
2 0.7331640625 0.6875277777777777 0.007390625000000028 0.018416666666666654
2 0.7829843750000001 0.6928333333333333 0.007851562499999964 0.017277777777777854
2 0.8081015624999999 0.6957083333333334 0.006359374999999901 0.01679166666666671
2 0.833390625 0.697625 0.007921874999999901 0.015083333333333353
2 0.8591875 0.7008194444444444 0.007015625000000014 0.015263888888888901
2 0.9113984374999999 0.7070833333333334 0.006812499999999844 0.014638888888888838
2 0.9374140625 0.708861111111111 0.006898437499999943 0.015930555555555594
2 0.9643828125 0.7149444444444444 0.0077578124999998724 0.018625000000000034
2 0.99103125 0.7167083333333333 0.0077656250000000425 0.018694444444444496
1 0.0947421875 0.5247638888888889 0.01889843750000001 0.00990277777777777
1 0.046632812499999995 0.6180972222222222 0.020140625000000002 0.010916666666666686
1 0.1655703125 0.6273888888888889 0.019593749999999986 0.008777777777777848
1 0.2844765625 0.6387083333333333 0.020156249999999966 0.009958333333333276
1 0.40103125000000006 0.6500555555555556 0.02028125000000003 0.011236111111111155
1 0.5170703125 0.6597916666666667 0.020937499999999963 0.009958333333333276
1 0.635859375 0.6722361111111111 0.018921875000000022 0.010638888888888845
1 0.7591249999999999 0.6864027777777777 0.019640625000000078 0.009930555555555524
1 0.8853671875 0.7004027777777778 0.018523437500000028 0.009569444444444426
1 0.8921875 0.5996250000000001 0.017398437499999985 0.008652777777777803
1 0.7713046875 0.5875833333333333 0.01716406250000002 0.008680555555555556
1 0.65403125 0.5762222222222222 0.016765625000000027 0.0074027777777778345
1 0.541109375 0.5655972222222222 0.016125000000000077 0.008263888888888953
1 0.42943749999999997 0.5554861111111111 0.017976562499999994 0.009486111111111167
1 0.20646874999999998 0.5350555555555556 0.017765625000000007 0.010111111111111072
4 0.050124999999999996 0.3786527777777778 0.10024999999999999 0.03831944444444449
4 0.07582031250000001 0.806513888888889 0.117390625 0.048138888888889
4 0.3313984375 0.8292361111111111 0.11886718749999999 0.049236111111111175
4 0.5879921875 0.8577361111111111 0.12074218749999996 0.048250000000000015
4 0.8729140624999999 0.8921527777777778 0.10132031250000004 0.0589583333333334
4 0.9026093749999999 0.4518611111111111 0.08125781250000016 0.04237499999999999
4 0.6707421874999999 0.43338888888888893 0.09844531249999999 0.03411111111111104
4 0.47484374999999995 0.4156944444444445 0.06857031249999998 0.04108333333333339