2 0.490140625 0.8276944444444445 0.023695312499999944 0.03268055555555552
2 0.535359375 0.8469861111111112 0.027554687499999987 0.038680555555555426
2 0.580984375 0.867875 0.028132812499999993 0.04423611111111098
2 0.6264375 0.8879027777777777 0.030406250000000058 0.044416666666666695
2 0.7205468749999999 0.9338472222222223 0.024890624999999923 0.04940277777777769
2 0.7670312499999999 0.9550000000000001 0.03145312499999999 0.04461111111111096
2 0.8174765624999999 0.9779861111111111 0.02757812500000014 0.03904166666666653
2 0.6667500000000001 0.6054583333333333 0.024445312499999972 0.03555555555555559
2 0.71028125 0.626375 0.027828124999999915 0.04341666666666665
2 0.754515625 0.6427916666666667 0.023742187500000077 0.03234722222222217
2 0.8912109375 0.7017916666666667 0.027546875000000172 0.043527777777777825
2 0.9375703124999999 0.7230833333333333 0.026164062499999828 0.03895833333333327
2 0.985578125 0.7422638888888888 0.0223515625000001 0.039291666666666614
1 0.6804765625 0.9016249999999999 0.03767187500000002 0.03330555555555558
1 0.8392421875 0.691 0.03631250000000001 0.030944444444444406