2 0.0181328125 0.31109722222222225 0.010812500000000003 0.017013888888888887
2 0.0418046875 0.3142083333333333 0.011703125000000003 0.017569444444444412
2 0.0907578125 0.3189444444444444 0.012898437499999993 0.01913888888888885
2 0.11578124999999999 0.3216805555555556 0.01203906250000002 0.016694444444444418
2 0.13946875 0.3239166666666667 0.012328124999999978 0.018902777777777796
2 0.16390625 0.3262777777777778 0.009468750000000003 0.01683333333333334
2 0.2124375 0.3330138888888889 0.011929687499999985 0.018986111111111134
2 0.261421875 0.33747222222222223 0.009359375000000014 0.018847222222222213
2 0.2852109375 0.33955555555555555 0.011757812499999964 0.017388888888888863
2 0.33365625 0.34588888888888886 0.009390624999999986 0.016458333333333366
2 0.40534375 0.3528888888888889 0.010242187499999921 0.016888888888888922
2 0.4779375 0.3595555555555556 0.010343750000000007 0.01779166666666663
2 0.5025625 0.3623611111111111 0.011390624999999942 0.020833333333333332
2 0.5261250000000001 0.36336111111111113 0.009367187500000007 0.018597222222222203
2 0.5749921875 0.3700277777777778 0.009750000000000014 0.01722222222222219
2 0.5996406249999999 0.3726527777777778 0.009414062499999964 0.017958333333333264
2 0.623875 0.37323611111111116 0.008890625000000086 0.017986111111111175
2 0.648484375 0.37462500000000004 0.00912500000000005 0.020763888888888953
2 0.6983984375000001 0.3790972222222222 0.009390624999999986 0.01955555555555561
2 0.72375 0.3808333333333333 0.010125000000000028 0.01959722222222224
2 0.749703125 0.384375 0.009210937499999971 0.019902777777777835
2 0.774703125 0.38718055555555553 0.009585937499999985 0.023250000000000014
2 0.8270156249999999 0.3911527777777778 0.009218750000000142 0.018763888888888875
2 0.8521875 0.3918888888888889 0.009929687500000029 0.02023611111111118
2 0.87871875 0.39576388888888886 0.00890625000000007 0.020069444444444508
2 0.904734375 0.39790277777777777 0.008765624999999843 0.01981944444444442
2 0.9584921874999999 0.4032638888888889 0.008914062499999886 0.01988888888888896
2 0.985453125 0.4046388888888889 0.007312500000000099 0.016319444444444445
2 0.978890625 0.52375 0.008179687499999843 0.019263888888888896
2 0.8946328125 0.51525 0.010507812499999858 0.02038888888888882
2 0.8663515625 0.5125138888888888 0.010257812500000085 0.019402777777777817
2 0.8395234374999999 0.5089583333333333 0.010695312500000043 0.020194444444444393
2 0.8116406250000001 0.507736111111111 0.009656250000000099 0.02002777777777772
2 0.75690625 0.5032083333333334 0.008984375 0.022291666666666602
2 0.7309375 0.4987222222222222 0.009304687500000065 0.01865277777777771
2 0.704078125 0.49722222222222223 0.009593749999999979 0.020499999999999987
2 0.6778671875 0.49343055555555554 0.010468750000000072 0.019416666666666693
2 0.6258515625000001 0.48876388888888894 0.009343750000000029 0.02155555555555553
2 0.5999375 0.4854861111111111 0.00942968749999995 0.02102777777777776
2 0.574328125 0.48215277777777776 0.009414062499999964 0.0211527777777778
2 0.5480937499999999 0.48080555555555554 0.009679687500000079 0.019624999999999993
2 0.49673437500000006 0.47629166666666667 0.009757812500000008 0.020472222222222235
2 0.47184375 0.47331944444444446 0.008835937499999957 0.018958333333333303
2 0.446875 0.47184722222222225 0.009953125000000007 0.021527777777777778
2 0.4208984375 0.4675138888888889 0.009078124999999914 0.018527777777777824
2 0.370265625 0.4628055555555556 0.008624999999999971 0.01786111111111113
2 0.3455234375 0.459 0.01021093750000004 0.018708333333333372
2 0.32053125 0.4581111111111111 0.009867187499999996 0.016916666666666597
2 0.24396874999999998 0.4500416666666666 0.009445312500000025 0.017749999999999964
2 0.1677265625 0.44213888888888886 0.010648437499999996 0.019513888888888827
2 0.116390625 0.4356388888888889 0.010718750000000022 0.017249999999999942
2 0.0900546875 0.43295833333333333 0.010499999999999999 0.01865277777777771
2 0.0646328125 0.4300277777777778 0.010929687500000007 0.019624999999999993
2 0.0389453125 0.4293472222222222 0.011710937499999996 0.021930555555555505
1 0.06565625 0.3203472222222222 0.01868749999999999 0.010624999999999968
1 0.0156796875 0.42070833333333335 0.019562500000000003 0.011986111111111105
1 0.1446875 0.43404166666666666 0.02022656249999999 0.011777777777777804
1 0.18953906250000002 0.3335416666666667 0.0154296875 0.008861111111111104
1 0.271578125 0.447875 0.01821875000000004 0.01115277777777774
1 0.3085234375 0.3458333333333333 0.01766406250000001 0.00955555555555555
1 0.397359375 0.45965277777777774 0.019718750000000007 0.008708333333333308
1 0.5504453125000001 0.37026388888888884 0.01919531249999995 0.009791666666666603
1 0.5243984375 0.4735694444444445 0.020546874999999964 0.011458333333333333
1 0.6524296875 0.48608333333333337 0.01955468749999998 0.008402777777777714
1 0.6732812499999999 0.382625 0.018624999999999937 0.007805555555555562
1 0.8010624999999999 0.39358333333333334 0.021499999999999984 0.011458333333333333
1 0.7857578125 0.5001944444444444 0.02214843749999993 0.010611111111111092
1 0.9318359375 0.4048611111111111 0.020976562499999928 0.008847222222222229
4 0.6154140625 0.6864583333333333 0.10558593750000007 0.06338888888888895
4 0.703703125 0.2260972222222222 0.08621093749999993 0.045708333333333365
4 0.9448437500000001 0.244125 0.09027343750000014 0.0473888888888889
4 0.907328125 0.7207222222222222 0.11301562499999988 0.06915277777777773
4 0.2533203125 0.18616666666666665 0.08670312500000002 0.04765277777777778
4 0.335125 0.6539444444444444 0.10617968749999998 0.06215277777777778
4 0.057078125 0.6291111111111111 0.11042968750000001 0.06108333333333336