2 0.06769531250000001 0.38787499999999997 0.016414062499999993 0.03100000000000007
2 0.11256250000000001 0.39345833333333335 0.018140624999999976 0.03555555555555559
2 0.15728906250000002 0.3918888888888889 0.015874999999999993 0.03022222222222221
2 0.2026015625 0.39284722222222224 0.01478124999999999 0.032124999999999994
2 0.2886796875 0.3915555555555556 0.019500000000000028 0.034569444444444423
2 0.42038281250000004 0.3952777777777778 0.012820312500000064 0.030375000000000006
2 0.5525234375 0.3967638888888889 0.015585937500000036 0.03113888888888883
2 0.597796875 0.39840277777777783 0.015656249999999972 0.02780555555555553
2 0.6416875 0.40031944444444445 0.012953124999999944 0.03195833333333332
2 0.7297343749999999 0.39673611111111107 0.013062500000000022 0.03106944444444445
2 0.775203125 0.3998055555555556 0.015992187500000022 0.03501388888888894
2 0.819546875 0.39976388888888886 0.01543750000000017 0.032722222222222146
2 0.8315234374999999 0.62325 0.015843750000000156 0.03902777777777781
2 0.64425 0.6192222222222222 0.014359375000000086 0.03315277777777778
2 0.5978125000000001 0.6182361111111111 0.011976562499999944 0.031194444444444493
2 0.5516328125000001 0.6199444444444444 0.015046874999999993 0.03241666666666671
2 0.2713828125 0.6151666666666666 0.016000000000000014 0.03168055555555548
2 0.18258593750000002 0.6169027777777778 0.015656250000000017 0.035138888888888824
2 0.13466406250000001 0.6158888888888889 0.014007812500000005 0.033111111111111154
2 0.0870078125 0.6130138888888889 0.016609374999999992 0.03836111111111112
2 0.0404921875 0.6120277777777778 0.0165390625 0.03859722222222217
1 0.0213828125 0.396875 0.0427578125 0.014916666666666679
1 0.24607031250000003 0.4011805555555556 0.03726562500000004 0.01573611111111117
1 0.2295546875 0.6055416666666666 0.038945312500000016 0.01683333333333334
1 0.686609375 0.4070138888888889 0.035867187500000064 0.014180555555555606
1 0.6906484374999999 0.6109166666666667 0.03651562500000001 0.014347222222222279
1 0.4699375 0.40654166666666663 0.033085937499999926 0.013194444444444444
1 0.9094140625 0.40956944444444443 0.03900781249999987 0.01708333333333327
1 0.9259140625000001 0.6153472222222223 0.042257812500000116 0.014402777777777783
2 0.736953125 0.6234583333333333 0.015789062500000027 0.033763888888888816
4 0.2697734375 0.10394444444444445 0.1520078125 0.07654166666666667
4 0.67925 0.11202777777777777 0.15091406250000006 0.08119444444444446