3 0.120234375 0.05240277777777777 0.01711718750000002 0.10479166666666667
5 0.714765625 0.044833333333333336 0.0073281250000000854 0.02544444444444444
5 0.968765625 0.010013888888888888 0.007304687499999929 0.020027777777777776
2 0.9217656249999999 0.4051388888888889 0.013414062500000056 0.024583333333333398
2 0.8915703125000001 0.41077777777777774 0.015343749999999901 0.02780555555555553
2 0.8623359374999999 0.41576388888888893 0.013546875000000114 0.02769444444444452
2 0.83140625 0.4186388888888889 0.011749999999999972 0.023388888888888935
2 0.77096875 0.43236111111111114 0.014382812500000064 0.026652777777777855
2 0.6793671875 0.44009722222222225 0.012492187500000007 0.01995833333333334
2 0.7106250000000001 0.4396388888888889 0.013820312500000043 0.02509722222222229
2 0.9763671875 0.5352777777777777 0.0161015625000001 0.03305555555555549
2 0.9469453124999999 0.541138888888889 0.015046875000000171 0.028638888888888894
2 0.9128828125 0.5455138888888889 0.017734374999999858 0.028805555555555567
2 0.8497656250000001 0.5569861111111111 0.015609375000000014 0.028111111111111125
2 0.8173359375 0.5612083333333333 0.015335937500000086 0.026472222222222147
2 0.7847421875 0.566 0.01785937499999992 0.028944444444444488
2 0.7531875 0.5714305555555556 0.01735156250000003 0.024777777777777822
2 0.6556875 0.5871805555555555 0.016132812500000072 0.026041666666666668
2 0.62603125 0.5958749999999999 0.01799999999999997 0.029347222222222216
2 0.591515625 0.5989861111111111 0.01810937500000005 0.027486111111111062
2 0.5254765625 0.4671666666666667 0.018617187499999945 0.027777777777777776
2 0.46547656249999997 0.47816666666666663 0.013054687500000028 0.021569444444444405
2 0.5312890625 0.6138611111111112 0.01735937500000002 0.029374999999999967
2 0.404453125 0.4870972222222222 0.012265625000000035 0.0213055555555556
2 0.4633046875 0.6217083333333333 0.017789062499999987 0.02862500000000002
2 0.43011718749999994 0.629125 0.01827343750000008 0.02936111111111109
2 0.37320312499999997 0.4965833333333334 0.017757812500000015 0.032222222222222284
2 0.36326562500000004 0.6400138888888889 0.01674218749999996 0.03206944444444449
2 0.3295078125 0.6455277777777777 0.016492187500000012 0.029916666666666616
2 0.294 0.6481111111111111 0.01799999999999997 0.03106944444444445
2 0.3089453125 0.5015555555555555 0.015023437500000014 0.028055555555555618
2 0.276859375 0.5081388888888889 0.01885937499999999 0.027111111111111086
2 0.24455468749999998 0.5132916666666667 0.014296874999999964 0.027361111111111173
2 0.21165625000000002 0.5201388888888889 0.016500000000000004 0.02695833333333329
2 0.14554687500000002 0.5306111111111111 0.01686718749999998 0.0257222222222222
2 0.1114921875 0.5375138888888888 0.014476562500000022 0.027458333333333307
2 0.157390625 0.6746527777777778 0.015609375000000014 0.03177777777777777
2 0.1223125 0.6802777777777778 0.014593750000000006 0.030944444444444406
2 0.1922265625 0.6690277777777778 0.015031250000000006 0.02655555555555556
2 0.07696875 0.5391527777777778 0.015695312500000003 0.0286944444444444
2 0.04425781249999999 0.5446944444444445 0.018257812499999998 0.025680555555555568
2 0.086265625 0.6867777777777778 0.014890625000000001 0.027819444444444407
2 0.0124375 0.7006944444444444 0.0158046875 0.02947222222222226
1 0.0141640625 0.555375 0.028328125 0.013374999999999995
1 0.048796875 0.6889166666666666 0.031875 0.015999999999999976
1 0.1809453125 0.5284444444444445 0.027593749999999993 0.017361111111111112
1 0.22459375 0.6545972222222223 0.028765625000000038 0.013805555555555632
1 0.34257031250000003 0.5035277777777778 0.02561718749999997 0.015888888888888966
1 0.3945703125 0.625875 0.029617187499999975 0.01534722222222216
1 0.49967187500000004 0.47790277777777773 0.024796875000000006 0.012972222222222267
1 0.557328125 0.59925 0.029054687500000044 0.013930555555555517
1 0.804875 0.42816666666666664 0.024406249999999918 0.014249999999999987
1 0.8789999999999999 0.5452638888888889 0.02674999999999983 0.01473611111111113
4 0.266109375 0.321875 0.11423437500000003 0.06320833333333332
4 0.8511328125000001 0.7997222222222221 0.12872656249999997 0.0792083333333333
4 0.49196875 0.8655972222222222 0.13664843750000005 0.08402777777777778
4 0.11780468749999999 0.9371527777777777 0.14597656249999996 0.08675000000000005