2 0.965609375 0.32154166666666667 0.013664062499999829 0.022916666666666665
2 0.939203125 0.32259722222222226 0.012640624999999872 0.020041666666666676
2 0.913828125 0.3242638888888889 0.011453124999999887 0.018708333333333372
2 0.887484375 0.3266388888888889 0.011992187499999928 0.02069444444444441
2 0.837125 0.33044444444444443 0.013015624999999887 0.020874999999999963
2 0.8126328125000001 0.33294444444444443 0.012546874999999957 0.022166666666666637
2 0.7874531250000001 0.33448611111111115 0.011757812499999964 0.020611111111111077
2 0.7636015625 0.33687500000000004 0.013101562499999986 0.020749999999999998
2 0.7130156249999999 0.33968055555555554 0.011585937499999944 0.019875000000000004
2 0.6895156250000001 0.34391666666666665 0.01205468750000005 0.02091666666666667
2 0.663734375 0.34379166666666666 0.011617187499999914 0.021597222222222236
2 0.638875 0.3475277777777778 0.01146875000000005 0.022569444444444482
2 0.5892890625 0.35050000000000003 0.011960937499999958 0.022027777777777795
2 0.5643359375 0.35194444444444445 0.011617187499999914 0.01934722222222223
2 0.5407265625 0.35391666666666666 0.010304687500000043 0.02052777777777774
2 0.5152812499999999 0.3561388888888889 0.011789062499999937 0.019902777777777794
2 0.46587500000000004 0.35959722222222223 0.010343750000000007 0.02073611111111108
2 0.4414375 0.3622222222222222 0.011039062500000085 0.019513888888888865
2 0.4158359375 0.3637222222222222 0.010640624999999914 0.02052777777777774
2 0.3911328125 0.3660833333333333 0.010757812499999986 0.020069444444444508
2 0.3411640625 0.3693888888888889 0.009804687499999964 0.01899999999999993
2 0.315875 0.3709861111111111 0.008265625000000032 0.02034722222222219
2 0.290109375 0.3726805555555555 0.012039062499999975 0.0228055555555555
2 0.2643359375 0.37354166666666666 0.011101562500000028 0.02173611111111108
2 0.21368749999999997 0.3776111111111111 0.01102343750000001 0.020611111111111156
2 0.187765625 0.37831944444444443 0.010828125000000011 0.01923611111111114
2 0.16123437499999999 0.38156944444444446 0.01046093749999999 0.022041666666666675
2 0.134671875 0.38330555555555557 0.01160937500000001 0.02230555555555548
2 0.0812578125 0.38548611111111114 0.010695312499999998 0.022666666666666738
2 0.054945312499999996 0.38768055555555553 0.010242187499999994 0.019263888888888896
2 0.027437499999999997 0.38884722222222223 0.011281249999999998 0.02080555555555558
2 0.029625000000000002 0.5248194444444445 0.010718749999999999 0.020055555555555632
2 0.05695312500000001 0.5217361111111111 0.010601562499999995 0.020374999999999942
2 0.08527343750000001 0.5193472222222222 0.009851562500000011 0.02116666666666668
2 0.1410625 0.5145694444444444 0.010820312500000017 0.02088888888888884
2 0.16890624999999998 0.5131666666666667 0.00964062499999998 0.021791666666666744
2 0.1959921875 0.5112083333333334 0.01124218749999999 0.02088888888888884
2 0.22346093749999998 0.5100555555555556 0.0107421875 0.022999999999999923
2 0.40990624999999997 0.49490277777777775 0.011632812500000079 0.021430555555555487
2 0.48784375 0.4884166666666667 0.010976562499999964 0.01959722222222224
2 0.539046875 0.4849583333333334 0.010078125000000071 0.02009722222222226
2 0.590875 0.48061111111111116 0.010953124999999985 0.021611111111111036
2 0.6167265625 0.4779583333333333 0.010640624999999914 0.019361111111111187
2 0.668328125 0.4744444444444445 0.01193749999999998 0.02134722222222223
2 0.69421875 0.4726944444444444 0.012062500000000042 0.022472222222222154
2 0.7210078125 0.4719861111111111 0.011562499999999965 0.024833333333333325
2 0.7475390625 0.4690694444444445 0.012796875000000086 0.020791666666666705
2 0.799734375 0.4649583333333333 0.010749999999999992 0.018138888888888812
2 0.82559375 0.463 0.011859374999999872 0.021638888888888947
2 0.8509609375 0.46094444444444443 0.013546875000000114 0.020305555555555563
2 0.87675 0.45844444444444443 0.012429687499999887 0.021819444444444495
2 0.930390625 0.4535138888888888 0.010773437499999972 0.021333333333333353
2 0.957359375 0.45252777777777775 0.01190624999999983 0.021111111111111174
2 0.984546875 0.45058333333333334 0.011117187500000014 0.019930555555555587
1 0.864453125 0.3334444444444445 0.019664062500000058 0.008819444444444475
1 0.9016484374999999 0.4505138888888889 0.021031250000000057 0.009777777777777727
1 0.77190625 0.46144444444444443 0.020210937499999915 0.007569444444444508
1 0.73934375 0.3431111111111111 0.01931250000000002 0.008472222222222254
1 0.6153828125 0.3531388888888889 0.019203124999999942 0.008180555555555536
1 0.641796875 0.4715972222222222 0.02094531249999996 0.008583333333333264
1 0.5127890625 0.4814027777777778 0.01950781250000002 0.007847222222222191
1 0.4916953125 0.36334722222222227 0.019796874999999936 0.008013888888888864
1 0.3672109375 0.3719305555555556 0.019414062500000016 0.007930555555555606
1 0.23986718749999997 0.38005555555555554 0.019578124999999957 0.00713888888888887
1 0.25020312499999997 0.50175 0.02042968749999998 0.006541666666666717
1 0.1081953125 0.38880555555555557 0.020820312499999993 0.008361111111111087
1 0.113625 0.5114027777777778 0.021382812500000004 0.006847222222222153
4 0.2723671875 0.7340138888888889 0.10199218749999997 0.0696666666666667
4 0.5530078125 0.7122222222222222 0.11275781249999994 0.06787499999999992
4 0.2192265625 0.202875 0.08777343750000002 0.04701388888888892
4 0.693734375 0.17288888888888893 0.09154687500000006 0.05322222222222223
4 0.8346640624999999 0.6880277777777778 0.10799218750000002 0.06652777777777782
4 0.9204453125000001 0.15256944444444442 0.08232812500000009 0.057902777777777775