5 0.051453125 0.836763888888889 0.010710937500000007 0.029777777777777854
5 0.477046875 0.11430555555555555 0.005000000000000071 0.020041666666666676
2 0.47389843750000005 0.40555555555555556 0.010171874999999986 0.015694444444444382
2 0.49439062500000003 0.41179166666666667 0.01060156249999995 0.015472222222222203
2 0.515640625 0.4172083333333333 0.008679687499999922 0.0150555555555556
2 0.401265625 0.49101388888888886 0.010187499999999971 0.013902777777777766
2 0.42239062499999996 0.49654166666666666 0.011890625000000021 0.015458333333333327
2 0.44507812500000005 0.5035138888888888 0.012687500000000008 0.01512499999999998
2 0.46766406250000003 0.5077222222222222 0.011515625000000007 0.016402777777777704
2 0.51253125 0.520888888888889 0.010789062499999957 0.018194444444444475
2 0.5350625 0.5273611111111111 0.010843750000000086 0.016097222222222266
2 0.5571953125 0.53325 0.01099218749999995 0.016777777777777836
2 0.580765625 0.5394861111111111 0.010890625000000043 0.014986111111111061
2 0.62696875 0.5534861111111111 0.011054687500000071 0.016041666666666603
2 0.6516484375 0.5588611111111111 0.01138281249999995 0.016499999999999994
2 0.674265625 0.5663888888888889 0.010718750000000022 0.016499999999999994
2 0.698890625 0.5734166666666667 0.008609374999999985 0.014875000000000051
2 0.7476484375 0.5865416666666666 0.009093750000000077 0.014833333333333264
2 0.7728203125 0.5929305555555556 0.009578124999999993 0.016930555555555633
2 0.797015625 0.5996388888888889 0.010054687500000003 0.016638888888888915
2 0.8224843749999999 0.6065 0.009921874999999858 0.016708333333333294
2 0.874 0.621875 0.010515625000000028 0.018138888888888812
2 0.9002890625 0.6282361111111111 0.010476562499999887 0.01751388888888891
2 0.9263828125 0.6357222222222223 0.009164062500000014 0.01654166666666662
2 0.9536953125000001 0.6436111111111111 0.009859374999999915 0.015666666666666627
2 0.98225 0.5383472222222222 0.010289062500000057 0.016597222222222284
2 0.95734375 0.5306666666666666 0.009132812500000042 0.016347222222222197
2 0.93103125 0.5245972222222222 0.009984375000000156 0.015319444444444406
2 0.8820234375 0.5104166666666666 0.010015625000000129 0.015486111111111079
2 0.8563124999999999 0.5049166666666667 0.009835937500000114 0.014763888888888882
2 0.83296875 0.4985833333333334 0.010398437499999958 0.016361111111111073
2 0.8096484374999999 0.4933888888888889 0.00964843749999993 0.016277777777777815
2 0.6474296875000001 0.45043055555555556 0.010085937500000064 0.015930555555555594
2 0.6244531249999999 0.4465694444444444 0.010031249999999936 0.01534722222222216
2 0.53746875 0.42170833333333335 0.009859374999999915 0.013944444444444395
1 0.5569296875 0.432125 0.016437499999999973 0.01012499999999995
1 0.6060625 0.5426666666666667 0.018203124999999966 0.012208333333333283
1 0.6674765625 0.45995833333333336 0.018523437500000028 0.011041666666666729
1 0.7259921874999999 0.5752777777777778 0.01955468749999998 0.011722222222222299
1 0.8510390624999999 0.6103055555555555 0.020523437499999984 0.012430555555555618
1 0.9039296875 0.5223333333333333 0.018851562500000085 0.011083333333333358
4 0.49317968749999996 0.6987916666666667 0.10027343749999992 0.07298611111111104
4 0.74828125 0.7775 0.11303124999999996 0.06579166666666651
4 0.758171875 0.33675 0.08342187499999998 0.04745833333333335