3 0.711078125 0.038875 0.012468750000000028 0.07775
2 0.0295703125 0.3854166666666667 0.014054687499999996 0.023499999999999945
2 0.057257812500000005 0.3877777777777778 0.010398437500000001 0.016958333333333384
2 0.1140546875 0.392375 0.010296875000000006 0.020055555555555632
2 0.14156249999999998 0.39413888888888887 0.00983593749999998 0.018694444444444496
2 0.16940625 0.3977361111111111 0.011406250000000017 0.021013888888888884
2 0.196671875 0.4007638888888889 0.010453124999999997 0.019763888888888914
2 0.006750000000000001 0.5057916666666666 0.010562499999999999 0.021208333333333308
2 0.0652265625 0.510361111111111 0.011273437500000006 0.018583333333333327
2 0.0949375 0.5129166666666667 0.009734375000000007 0.018805555555555506
2 0.12415625 0.5170972222222222 0.01004687500000001 0.0210972222222223
2 0.153078125 0.5186527777777777 0.013007812499999983 0.022986111111111047
2 0.2707421875 0.5276111111111111 0.010648437499999996 0.022652777777777702
2 0.30774218750000004 0.40806944444444443 0.009999999999999964 0.02098611111111113
2 0.3346328125 0.41161111111111115 0.009671874999999996 0.018333333333333396
2 0.38856250000000003 0.415375 0.012046874999999967 0.018555555555555575
2 0.41684374999999996 0.4163888888888889 0.011757812499999964 0.019375000000000062
2 0.44403125 0.41927777777777775 0.010335937500000014 0.020277777777777808
2 0.47140624999999997 0.4225833333333333 0.007187500000000036 0.018375000000000027
2 0.3578125 0.5354027777777778 0.011796875000000017 0.021986111111111168
2 0.3864296875 0.5367777777777778 0.009828125000000031 0.017833333333333378
2 0.41574999999999995 0.5390833333333334 0.010257812500000085 0.02123611111111106
2 0.4444921875 0.5426527777777778 0.009507812500000056 0.019833333333333297
2 0.5037812500000001 0.5469861111111111 0.008921875000000056 0.018763888888888875
2 0.5328828125 0.5487222222222222 0.010203124999999957 0.0210972222222223
2 0.56078125 0.5514861111111111 0.011281250000000043 0.02045833333333336
2 0.5891015625 0.5545138888888889 0.009687500000000071 0.01920833333333339
2 0.526859375 0.4260277777777778 0.010906250000000029 0.018805555555555506
2 0.5534140625 0.4287222222222222 0.010921875000000015 0.019666666666666624
2 0.5813984375000001 0.4305138888888889 0.008726562500000057 0.01719444444444444
2 0.607984375 0.43147222222222226 0.010460937500000078 0.01850000000000007
2 0.6644375 0.436625 0.01052343750000002 0.019444444444444445
2 0.6485546875 0.5583888888888889 0.010093750000000058 0.020874999999999963
2 0.953828125 0.4594861111111111 0.0096796874999999 0.02155555555555553
2 0.98359375 0.46266666666666667 0.009625000000000128 0.019375000000000062
2 0.985734375 0.5883611111111111 0.010476562499999887 0.021138888888888926
2 0.952703125 0.5875416666666666 0.009484374999999901 0.021958333333333257
2 0.8907578125000001 0.5799305555555556 0.010257812500000085 0.022555555555555568
2 0.89446875 0.4556527777777778 0.008765624999999843 0.019972222222222218
1 0.08459375 0.39511111111111114 0.02176562500000001 0.012263888888888946
1 0.0387578125 0.5032361111111111 0.023101562499999995 0.01427777777777774
1 0.1849140625 0.5167916666666666 0.0217265625 0.01122222222222228
1 0.223 0.40702777777777777 0.017757812500000015 0.009638888888888964
1 0.36124999999999996 0.4190138888888889 0.02162499999999996 0.009277777777777708
1 0.49819531250000004 0.42956944444444445 0.01880468749999995 0.011499999999999962
1 0.6366640625 0.4402638888888889 0.02136718749999993 0.011041666666666729
1 0.62034375 0.5515555555555556 0.02266406249999999 0.011055555555555607
1 0.9233593750000001 0.46316666666666667 0.022601562499999873 0.011097222222222234
1 0.9211406249999999 0.5778333333333333 0.023421875000000016 0.011597222222222254
4 0.27928125000000004 0.2487638888888889 0.09480468750000001 0.048333333333333346
4 0.5316562499999999 0.26825 0.09418749999999995 0.04705555555555555
4 0.7911015625 0.2855972222222222 0.09670312499999997 0.0512777777777778
4 0.7530625 0.7856805555555556 0.11974999999999998 0.0703750000000001
4 0.42973437499999995 0.7548611111111111 0.11417968750000003 0.06306944444444455
4 0.1085625 0.7261805555555556 0.12142187500000001 0.06880555555555551