3 0.6430234375 0.07231944444444445 0.0240234375 0.1446388888888889
3 0.1843984375 0.047124999999999986 0.01749218749999999 0.09370833333333334
2 0.03990625 0.9693611111111112 0.0195703125 0.04091666666666672
2 0.09359375 0.9708333333333333 0.02022656250000001 0.04122222222222231
2 0.1469921875 0.9691805555555555 0.020578124999999982 0.04190277777777788
2 0.20078125 0.9664861111111112 0.020453124999999982 0.042138888888888774
2 0.30646874999999996 0.9623194444444445 0.019046874999999998 0.03812500000000006
2 0.358890625 0.9643611111111111 0.02020312500000001 0.040208333333333394
2 0.4120234375 0.9618888888888888 0.019500000000000028 0.04126388888888894
2 0.46546093749999995 0.9621944444444444 0.02288281249999997 0.045874999999999964
2 0.569515625 0.9593194444444445 0.02072656249999998 0.04608333333333342
2 0.622390625 0.9601388888888889 0.022265625 0.04375
2 0.6741484375 0.958125 0.022695312499999964 0.04287499999999985
2 0.72703125 0.9572916666666667 0.023984375000000037 0.048347222222222146
2 0.83140625 0.9573055555555555 0.02234374999999993 0.04505555555555563
2 0.88471875 0.9572777777777778 0.024562500000000043 0.04798611111111105
2 0.9382421875 0.958 0.023101562500000127 0.047430555555555684
2 0.990234375 0.95575 0.01952343749999983 0.04294444444444455
1 0.25346875 0.9759444444444444 0.03716406250000004 0.014222222222222235
1 0.516734375 0.9693750000000001 0.038429687500000045 0.016388888888888824
1 0.7811874999999999 0.9678194444444445 0.03731249999999999 0.014777777777777917