2 0.01115625 0.38259722222222226 0.0114765625 0.020638888888888908
2 0.034835937500000004 0.38547222222222227 0.010843749999999996 0.019499999999999948
2 0.05809375 0.3902222222222222 0.011671874999999998 0.020750000000000077
2 0.105296875 0.39647222222222217 0.01008593750000002 0.01811111111111106
2 0.12965625 0.399625 0.01081249999999998 0.020277777777777808
2 0.1511953125 0.4023888888888889 0.011312500000000014 0.018944444444444427
2 0.1756484375 0.40541666666666665 0.009906250000000005 0.01673611111111105
2 0.22228906249999997 0.4124444444444444 0.010281249999999974 0.017027777777777767
2 0.24656250000000002 0.4164861111111111 0.010054687500000003 0.020722222222222166
2 0.269015625 0.41968055555555556 0.010062499999999997 0.0191111111111111
2 0.29340625 0.42266666666666663 0.010078124999999983 0.01822222222222223
2 0.3392578125 0.4320833333333334 0.010421875000000025 0.016388888888888824
2 0.36378125 0.4330555555555556 0.010710937500000028 0.018333333333333396
2 0.385546875 0.43619444444444444 0.010382812499999972 0.020833333333333332
2 0.40960937499999994 0.4407777777777778 0.008695312500000085 0.01865277777777771
2 0.45628124999999997 0.4484027777777778 0.011453125000000064 0.017374999999999988
2 0.47893749999999996 0.4507777777777778 0.010320312500000029 0.01800000000000005
2 0.5030625 0.4538888888888889 0.009796874999999972 0.017347222222222236
2 0.5262890625 0.458125 0.011351562499999978 0.020305555555555563
2 0.5755859375 0.46631944444444445 0.010851562500000078 0.01743055555555549
2 0.597328125 0.4671666666666667 0.009437499999999942 0.01637499999999995
2 0.6227421875 0.4710972222222222 0.011507812500000015 0.017361111111111112
2 0.64665625 0.4755555555555555 0.011687500000000028 0.019388888888888938
2 0.6955078125 0.4815138888888889 0.009945312500000015 0.018930555555555548
2 0.719703125 0.4847916666666667 0.008578125000000015 0.01722222222222219
2 0.7438125 0.48666666666666664 0.01138281249999995 0.02020833333333327
2 0.7679453125 0.49165277777777777 0.009695312500000063 0.017527777777777784
2 0.819328125 0.5009444444444444 0.011015624999999928 0.02251388888888894
2 0.8453203125 0.5033194444444444 0.01151562499999983 0.02123611111111106
2 0.870484375 0.506375 0.009984375000000156 0.019097222222222224
2 0.896171875 0.5083749999999999 0.0102656249999999 0.020333333333333314
2 0.949390625 0.5180555555555556 0.012968749999999928 0.020430555555555605
2 0.9755 0.5188194444444445 0.012539062500000142 0.02194444444444438
2 0.9881953125 0.6514583333333334 0.011609375000000099 0.02023611111111118
2 0.9626718750000001 0.6475416666666667 0.012437500000000056 0.023416666666666686
2 0.9336718749999999 0.6421527777777778 0.010171874999999986 0.02088888888888884
2 0.8793984375000001 0.6335972222222223 0.010007812499999958 0.024444444444444477
2 0.8525703124999999 0.6306805555555555 0.009765625 0.019972222222222218
2 0.8252421875 0.6252222222222222 0.011617187499999914 0.02144444444444452
2 0.7990625 0.6196944444444444 0.0111328125 0.020013888888888845
2 0.74675 0.6135972222222222 0.01023437499999993 0.02297222222222217
2 0.7196953125000001 0.6105138888888889 0.012648437500000043 0.02506944444444438
2 0.6937265625 0.6060555555555556 0.011796874999999929 0.02301388888888896
2 0.668890625 0.6014166666666666 0.010898437500000035 0.020638888888888908
2 0.6169687500000001 0.5940138888888888 0.01001562499999995 0.020958333333333377
2 0.59271875 0.5900277777777778 0.007195312500000028 0.019861111111111048
2 0.5667890625 0.5855 0.011070312500000058 0.020444444444444484
2 0.54234375 0.5819444444444445 0.010945312499999993 0.022958333333333296
2 0.4924453125 0.5746666666666667 0.011023437499999922 0.019416666666666693
2 0.46869531249999996 0.5715138888888889 0.0107421875 0.018624999999999954
2 0.44387499999999996 0.5673611111111111 0.010648437500000085 0.018583333333333327
2 0.41905468749999997 0.5639861111111111 0.010554687499999993 0.018708333333333372
2 0.3204609375 0.5484027777777778 0.012312499999999994 0.024694444444444408
2 0.2967734375 0.5447222222222222 0.011007812500000025 0.022194444444444468
2 0.24636718750000003 0.5390833333333334 0.012765625000000025 0.02258333333333332
2 0.1981328125 0.531875 0.011507812500000015 0.019166666666666603
2 0.17276562499999998 0.5281944444444444 0.013429687499999999 0.022819444444444375
2 0.1242421875 0.5213055555555555 0.01237499999999998 0.022819444444444375
2 0.09960156249999999 0.5154166666666667 0.012835937499999995 0.022000000000000044
2 0.0734375 0.5138194444444444 0.012171875000000009 0.02020833333333327
2 0.049328125 0.5098055555555555 0.011945312499999994 0.020430555555555605
1 0.02665625 0.5017361111111112 0.022343750000000002 0.012569444444444381
1 0.07975 0.39647222222222217 0.018609374999999994 0.01122222222222228
1 0.1980859375 0.41418055555555555 0.019156249999999986 0.013611111111111048
1 0.15144531249999998 0.5196805555555556 0.020335937500000022 0.009916666666666648
1 0.31550781250000004 0.4320277777777778 0.018664062499999988 0.012166666666666654
1 0.274265625 0.5381388888888888 0.02057031250000003 0.012430555555555618
1 0.4317265625 0.4484027777777778 0.018085937500000072 0.011874999999999938
1 0.3959609375 0.555875 0.022171874999999997 0.012055555555555486
1 0.5493046875 0.46504166666666663 0.01944531250000008 0.010750000000000013
1 0.51996875 0.5736388888888888 0.021164062499999935 0.01324999999999995
1 0.6696718749999999 0.48212499999999997 0.017875000000000085 0.009111111111111035
1 0.6449140625 0.5928611111111112 0.021000000000000085 0.013166666666666691
1 0.7936718749999999 0.5001805555555555 0.02047656249999994 0.009458333333333258
1 0.7733125000000001 0.6125972222222222 0.020015624999999915 0.008597222222222298
1 0.9214765625 0.5187638888888889 0.021390625000000087 0.012208333333333283
1 0.9079843750000001 0.6349444444444445 0.02073437499999997 0.010624999999999968
3 0.52928125 0.050041666666666665 0.01160156249999993 0.10006944444444446
3 0.7421328125 0.07581944444444445 0.03013281249999995 0.08854166666666667
4 0.2651015625 0.2647361111111111 0.08225781249999997 0.050972222222222204
4 0.48565625 0.29686111111111113 0.0849609375 0.04962500000000002
4 0.70815625 0.32516666666666666 0.08710156250000001 0.04966666666666665
4 0.9432578125 0.3505972222222222 0.08963281250000002 0.04962500000000002
4 0.88184375 0.8555277777777778 0.10932812500000004 0.07330555555555551
4 0.5986875 0.8024027777777778 0.10423437500000006 0.0777083333333334
4 0.06271875 0.7222638888888888 0.1038046875 0.06109722222222223