2 0.0087734375 0.5838194444444444 0.013851562499999998 0.027222222222222255
2 0.044328125 0.5770833333333333 0.015492187499999999 0.024263888888888925
2 0.061515625 0.43056944444444445 0.014242187499999993 0.023208333333333383
2 0.09471093750000001 0.42634722222222227 0.012796875000000008 0.019722222222222287
2 0.1269765625 0.41923611111111114 0.012289062500000014 0.01995833333333334
2 0.1588984375 0.4136388888888889 0.01109374999999999 0.02056944444444437
2 0.11267968749999999 0.5622916666666667 0.013249999999999984 0.02226388888888885
2 0.1459765625 0.5565972222222222 0.012593750000000004 0.024013888888888838
2 0.18140625 0.5507916666666667 0.012507812499999993 0.024236111111111173
2 0.212453125 0.5416666666666666 0.009578124999999993 0.021749999999999957
2 0.28207031250000003 0.3894444444444444 0.011335937499999994 0.018166666666666723
2 0.3118203125 0.3839027777777778 0.011742187499999978 0.022861111111111162
2 0.2787578125 0.5280972222222222 0.013585937499999989 0.022208333333333347
2 0.3108359375 0.5218472222222222 0.014921875000000018 0.01888888888888892
2 0.341265625 0.514888888888889 0.013710937499999964 0.023388888888888935
2 0.3726953125 0.5104444444444444 0.011960937499999958 0.021958333333333257
2 0.4600625 0.35756944444444444 0.012601562500000085 0.02012500000000001
2 0.4315546875 0.3618472222222222 0.012234375000000065 0.020888888888888877
2 0.40151562500000004 0.36824999999999997 0.012265625000000035 0.017819444444444502
2 0.4666328125 0.4898055555555556 0.01316406249999993 0.02312499999999997
2 0.438984375 0.49748611111111113 0.012570312499999936 0.019305555555555524
2 0.497828125 0.48413888888888884 0.014953125000000077 0.02230555555555548
2 0.5283984375 0.47829166666666667 0.014015625000000042 0.02375000000000003
2 0.58921875 0.4654583333333333 0.01392187499999995 0.020444444444444484
2 0.6194609375 0.4602916666666667 0.012859375000000029 0.02059722222222228
2 0.649421875 0.45256944444444447 0.012937499999999958 0.020333333333333314
2 0.6803984375 0.44648611111111114 0.01353124999999995 0.02322222222222226
2 0.7402656249999999 0.4351527777777778 0.013546874999999936 0.018944444444444427
2 0.7694687499999999 0.4288611111111111 0.013578125000000085 0.020791666666666705
2 0.799984375 0.42365277777777777 0.013265625000000014 0.01959722222222224
2 0.8286796875 0.41512499999999997 0.015976562499999857 0.023569444444444483
2 0.7471875 0.29847222222222225 0.013359374999999929 0.017527777777777784
2 0.71821875 0.30406944444444445 0.013187500000000085 0.020625000000000032
2 0.6911015625 0.31036111111111114 0.012039062500000064 0.018986111111111134
2 0.662796875 0.31637499999999996 0.011593749999999936 0.01920833333333331
2 0.6057812499999999 0.32693055555555556 0.014320312499999942 0.017958333333333344
2 0.5761484375 0.33308333333333334 0.012710937499999986 0.01975000000000004
2 0.5185390625 0.34455555555555556 0.013523437499999957 0.02037500000000002
1 0.03128125 0.44162500000000005 0.025468750000000005 0.017041666666666642
1 0.077171875 0.563236111111111 0.029359374999999986 0.017249999999999942
1 0.1922109375 0.41191666666666665 0.025101562500000018 0.014916666666666679
1 0.24357812499999998 0.5306805555555555 0.029804687499999982 0.01605555555555548
1 0.401453125 0.4990833333333333 0.022742187499999966 0.01044444444444442
1 0.4930625 0.354125 0.020445312500000055 0.012152777777777818
1 0.6381796875 0.327375 0.023390625000000043 0.015583333333333371
1 0.7064609374999999 0.43506944444444445 0.024445312499999972 0.01608333333333339
4 0.11297656250000002 0.23648611111111112 0.11154687499999998 0.05984722222222219
4 0.3400546875 0.7574722222222222 0.1318984375 0.0848472222222221
4 0.6834374999999999 0.683125 0.11910937500000003 0.07808333333333337