1 0.0182734375 0.37616666666666665 0.036546875 0.014263888888888864
1 0.2092734375 0.6370416666666667 0.04667187500000001 0.0196805555555555
1 0.5253671875 0.43072222222222223 0.03892968749999994 0.01763888888888895
1 0.746921875 0.6972777777777778 0.042367187500000014 0.019333333333333275
2 0.0691875 0.37245833333333334 0.01971093749999999 0.03672222222222226
2 0.1201484375 0.37958333333333333 0.01887500000000002 0.037791666666666716
2 0.17154687500000002 0.3838611111111111 0.018890625000000005 0.03691666666666672
2 0.2236171875 0.3849444444444445 0.019203125000000033 0.03909722222222219
2 0.32453906250000003 0.39873611111111107 0.01814062500000002 0.032250000000000036
2 0.376140625 0.4050972222222222 0.015953124999999967 0.03419444444444445
2 0.477703125 0.4169861111111111 0.01585156249999997 0.035388888888888914
2 0.63096875 0.4305555555555556 0.017062499999999935 0.036138888888888866
2 0.6838046875 0.43866666666666665 0.019960937499999963 0.03916666666666673
2 0.7358828125 0.4431527777777778 0.016054687499999963 0.0330833333333334
2 0.8562578125 0.7214166666666666 0.019484375000000043 0.04152777777777782
2 0.9111953125 0.7281527777777778 0.01811718750000004 0.038041666666666724
2 0.9684375 0.7357222222222223 0.01817187500000017 0.03809722222222231
2 0.801984375 0.7139861111111112 0.020054687500000057 0.03794444444444443
2 0.688078125 0.7006388888888888 0.020039062500000072 0.039513888888888876
2 0.6368828125 0.6976944444444444 0.019351562499999985 0.044930555555555585
2 0.5815625 0.6894583333333334 0.01782812499999995 0.03784722222222222
2 0.5280859375 0.6825555555555556 0.01789062500000007 0.03722222222222216
2 0.41886718749999996 0.67075 0.016640624999999964 0.03998611111111106
2 0.3658359375 0.6651944444444444 0.018656249999999996 0.036430555555555584
2 0.311265625 0.6598194444444444 0.015453124999999979 0.04073611111111117
2 0.25871093749999996 0.6544861111111111 0.02053124999999998 0.04326388888888886
2 0.0975625 0.6377361111111112 0.019257812499999992 0.036138888888888866
2 0.04315624999999999 0.6268055555555556 0.02275 0.035000000000000066
4 0.13116406249999998 0.043916666666666666 0.18149999999999997 0.08781944444444444
4 0.604453125 0.09513888888888888 0.167578125 0.09826388888888889