2 0.020234375 0.38699999999999996 0.01590625 0.03231944444444442
2 0.0557109375 0.39452777777777776 0.017265624999999996 0.02844444444444447
2 0.1254609375 0.4082916666666667 0.0173359375 0.030555555555555555
2 0.1617734375 0.4157777777777778 0.01965625000000002 0.028569444444444515
2 0.19541406249999999 0.4244027777777778 0.017812499999999988 0.026763888888888865
2 0.300296875 0.44125 0.016632812499999972 0.0244305555555556
2 0.336953125 0.45002777777777775 0.017250000000000033 0.029291666666666712
2 0.58746875 0.4990277777777778 0.015976562500000034 0.02730555555555551
2 0.6592734375 0.5153194444444444 0.017148437500000037 0.028499999999999973
2 0.6978984374999999 0.5205138888888888 0.016953125000000034 0.028347222222222176
2 0.73271875 0.5291944444444444 0.018789062499999964 0.032944444444444484
2 0.7703984375 0.5369583333333333 0.0201171875 0.029388888888888846
2 0.846453125 0.5502638888888889 0.017484375000000087 0.030597222222222185
2 0.885921875 0.55775 0.017578125 0.030736111111111106
2 0.9236328125 0.5665 0.020304687499999828 0.03127777777777775
2 0.9644140625000001 0.5733194444444445 0.01843749999999993 0.03431944444444449
2 0.9804765625 0.7520000000000001 0.01719531250000017 0.033638888888888926
2 0.89690625 0.7345416666666666 0.01928124999999987 0.032625000000000015
2 0.8556874999999999 0.725736111111111 0.01789062500000007 0.03195833333333332
2 0.8158359374999999 0.71625 0.021835937499999857 0.037722222222222254
2 0.7762578125 0.7064444444444444 0.01877343749999998 0.03313888888888883
2 0.6940078125 0.6899305555555556 0.018687500000000058 0.03238888888888896
2 0.656296875 0.682513888888889 0.020054687500000057 0.037125000000000026
2 0.61815625 0.6730972222222222 0.01833593750000002 0.03261111111111114
2 0.5799140625 0.666875 0.018664062500000078 0.03711111111111115
2 0.503046875 0.650513888888889 0.01931250000000002 0.031930555555555566
2 0.3888671875 0.6265416666666667 0.017398437499999985 0.03061111111111106
2 0.24079687500000002 0.5969166666666667 0.020375000000000032 0.03280555555555556
2 0.20278125 0.5884722222222222 0.018242187500000017 0.026513888888888934
2 0.091890625 0.5659583333333333 0.0181171875 0.03341666666666659
2 0.0551484375 0.5588611111111111 0.01853125 0.03295833333333336
2 0.018859375 0.5524166666666667 0.018648437500000004 0.03276388888888893
1 0.087875 0.4058472222222222 0.024406249999999997 0.017208333333333315
1 0.1710859375 0.5746527777777778 0.02754687499999999 0.017930555555555512
1 0.5442734375 0.651888888888889 0.030257812500000016 0.021958333333333257
1 0.6201328125 0.5115833333333333 0.029429687500000058 0.01679166666666671
1 0.7379765625 0.6932083333333333 0.031625000000000014 0.02251388888888894
1 0.942546875 0.734625 0.03549218749999987 0.017944444444444544
4 0.39582812500000003 0.24469444444444446 0.12686718749999998 0.06793055555555551
4 0.7370234375 0.3065 0.1372109374999999 0.07168055555555558
4 0.39442187500000003 0.9197777777777778 0.16609374999999998 0.09575000000000007