2 0.03740625 0.36915277777777783 0.010867187499999997 0.021138888888888926
2 0.064796875 0.3703472222222222 0.010140624999999992 0.018819444444444382
2 0.09184375 0.37345833333333334 0.010281249999999997 0.019375000000000062
2 0.11878906250000001 0.37525000000000003 0.012562499999999987 0.020444444444444484
2 0.1733046875 0.37912500000000005 0.009382812499999994 0.02031944444444444
2 0.20085156249999997 0.3812638888888889 0.00998437499999998 0.02112500000000005
2 0.22688281250000003 0.38215277777777773 0.010585937499999965 0.02066666666666666
2 0.2538515625 0.38337499999999997 0.009867187499999996 0.019166666666666603
2 0.3067890625 0.388125 0.008539062499999962 0.01879166666666663
2 0.3326640625 0.3899027777777778 0.008406249999999994 0.016402777777777704
2 0.3590703125 0.3917777777777778 0.008656250000000032 0.018916666666666672
2 0.3859609375 0.3929444444444445 0.009593749999999979 0.017694444444444457
2 0.43878125 0.3957916666666667 0.009281250000000085 0.019277777777777772
2 0.465625 0.3969722222222222 0.00845312499999995 0.01768055555555558
2 0.49153125 0.39894444444444443 0.010085937500000064 0.022097222222222178
2 0.5180625 0.4004583333333333 0.009312500000000057 0.018736111111111124
2 0.571390625 0.40308333333333335 0.011546874999999979 0.02002777777777772
2 0.5971093749999999 0.4043055555555556 0.009445312499999936 0.019499999999999948
2 0.623984375 0.40502777777777776 0.009976562499999985 0.01925000000000002
2 0.65128125 0.40745833333333337 0.009343750000000029 0.019874999999999924
2 0.70515625 0.41218055555555555 0.008046874999999964 0.019722222222222287
2 0.926421875 0.42309722222222224 0.010046875000000099 0.021875
2 0.9837421875000001 0.4259166666666667 0.0096796874999999 0.019472222222222196
2 0.0253984375 0.5137499999999999 0.010195312499999998 0.019847222222222172
2 0.055125 0.5146805555555556 0.010296875000000006 0.018736111111111124
2 0.0830546875 0.5160138888888889 0.011468750000000005 0.01943055555555557
2 0.1401796875 0.5207222222222222 0.008921875000000013 0.019944444444444463
2 0.16775 0.5221527777777778 0.00969531250000002 0.02173611111111108
2 0.1964296875 0.5240972222222222 0.009195312499999986 0.01963888888888887
2 0.224671875 0.5258888888888889 0.007148437499999982 0.019694444444444376
2 0.280484375 0.5289861111111112 0.0091796875 0.018694444444444496
2 0.3091484375 0.5302361111111111 0.00825781250000004 0.019624999999999993
2 0.4195390625 0.5378888888888889 0.010585937499999965 0.01847222222222216
2 0.4475546875 0.5396388888888889 0.009031249999999958 0.022194444444444468
2 0.5025859374999999 0.5427916666666667 0.008226562499999979 0.02155555555555553
2 0.5585 0.5469583333333333 0.00786718749999995 0.019013888888888966
2 0.5860624999999999 0.5476944444444444 0.007921875000000078 0.01850000000000007
2 0.6141875 0.55025 0.008140625000000058 0.02183333333333337
2 0.6420234375 0.5520277777777778 0.007343750000000071 0.020263888888888932
2 0.6987890625000001 0.5560138888888889 0.007664062499999957 0.01776388888888884
2 0.727453125 0.5570138888888889 0.008757812500000028 0.02066666666666666
2 0.9023125000000001 0.5680138888888889 0.008539062499999871 0.02059722222222228
2 0.93228125 0.5688472222222222 0.007859374999999957 0.019291666666666648
2 0.9920234375 0.5727222222222222 0.010531250000000015 0.02308333333333334
1 0.0094453125 0.37283333333333335 0.018882812500000002 0.008222222222222166
1 0.1457578125 0.38311111111111107 0.020867187499999985 0.007263888888888914
1 0.1134765625 0.5137361111111111 0.0228984375 0.008847222222222229
1 0.27890625 0.39216666666666666 0.019742187499999987 0.007236111111111162
1 0.25465625 0.5219027777777777 0.01958593750000004 0.008013888888888864
1 0.543765625 0.40658333333333335 0.020523437499999984 0.01125000000000003
1 0.5310703125 0.5390138888888889 0.021984375000000077 0.009777777777777727
1 0.6770859375 0.41566666666666663 0.020828125000000065 0.009375
1 0.6708515625 0.5475416666666667 0.021781250000000085 0.009652777777777842
1 0.9553437499999999 0.4293055555555556 0.022085937499999986 0.011819444444444431
1 0.962109375 0.5652361111111112 0.022734374999999928 0.009722222222222222
4 0.0668828125 0.18126388888888886 0.09776562500000001 0.052902777777777805
4 0.315921875 0.199625 0.09261718749999996 0.052402777777777784
4 0.5642343750000001 0.21215277777777777 0.09271093750000006 0.04918055555555551
4 0.8161250000000001 0.2217222222222222 0.09913281249999999 0.053458333333333344
4 0.8154843749999999 0.811861111111111 0.11878124999999998 0.0830555555555555
4 0.5071875 0.7936527777777778 0.11478125000000006 0.0707361111111112
4 0.20514843749999997 0.7738472222222221 0.1173828125 0.06680555555555542