2 0.0060625 0.37240277777777775 0.010960937499999998 0.020250000000000056
2 0.03415625 0.3768611111111111 0.012281249999999999 0.022083333333333302
2 0.0881171875 0.3800694444444444 0.015460937499999994 0.024305555555555556
2 0.115015625 0.3833611111111111 0.013804687500000013 0.023624999999999986
2 0.1410234375 0.3875 0.012554687499999995 0.023097222222222217
2 0.2213515625 0.3956944444444444 0.01157812500000004 0.022666666666666738
2 0.2485703125 0.39826388888888886 0.011054687499999983 0.020166666666666642
2 0.3020234375 0.4038472222222222 0.011664062499999961 0.021986111111111168
2 0.38186718750000004 0.41209722222222217 0.011656249999999969 0.022916666666666665
2 0.4061875 0.4149722222222222 0.013164062499999973 0.022736111111111117
2 0.43336718750000003 0.41830555555555554 0.013390625000000078 0.024888888888888832
2 0.4868671875 0.4242361111111111 0.013578125000000085 0.022861111111111162
2 0.51384375 0.42626388888888894 0.010851562500000078 0.01975000000000004
2 0.5394609375 0.42862500000000003 0.010976562499999964 0.020611111111111156
2 0.620078125 0.4366527777777778 0.012539062499999965 0.01995833333333334
2 0.6483984375 0.4409722222222222 0.010429687499999929 0.02038888888888882
2 0.67475 0.44183333333333336 0.01185937500000005 0.024402777777777846
2 0.702359375 0.4447083333333333 0.011992187499999928 0.021083333333333263
2 0.7572421874999999 0.45047222222222216 0.009421874999999958 0.019930555555555587
2 0.7848359375 0.4520138888888889 0.0107421875 0.023250000000000014
2 0.8129531249999999 0.4553055555555555 0.0119140625 0.02177777777777771
2 0.8413281250000001 0.45911111111111114 0.010999999999999944 0.022708333333333365
2 0.8973203125 0.46316666666666667 0.010906250000000029 0.019499999999999948
2 0.038703125 0.5215277777777778 0.013726562500000006 0.024138888888888883
2 0.067078125 0.5235833333333334 0.012007812500000003 0.02648611111111118
2 0.0945234375 0.5266111111111111 0.012648437500000009 0.02638888888888889
2 0.1231015625 0.5300833333333334 0.013132812500000002 0.026541666666666686
2 0.1798046875 0.5357916666666667 0.011265625000000012 0.023236111111111138
2 0.2076796875 0.538375 0.012359375000000039 0.02272222222222224
2 0.3482109375 0.5544583333333333 0.011195312500000032 0.022083333333333302
2 0.37560937499999997 0.5559305555555555 0.010585937499999965 0.022749999999999992
2 0.40390625 0.5584444444444444 0.011976562499999987 0.02240277777777777
2 0.4586875 0.5647638888888888 0.013093749999999993 0.02456944444444452
2 0.48650000000000004 0.5678333333333333 0.011398437499999936 0.022791666666666623
2 0.514609375 0.5700277777777778 0.01157812499999995 0.024916666666666743
2 0.5987421875 0.5798472222222222 0.011476562500000042 0.024680555555555532
2 0.6276875000000001 0.5832361111111111 0.011656250000000057 0.020750000000000077
2 0.655875 0.5859722222222222 0.01171875 0.025416666666666605
2 0.684078125 0.5899166666666666 0.012328124999999978 0.024222222222222298
2 0.7420859375 0.5960138888888888 0.012140624999999971 0.02148611111111115
2 0.77134375 0.5991388888888889 0.012414062500000078 0.024263888888888925
2 0.7994921875000001 0.6023333333333334 0.011953124999999964 0.02212499999999993
2 0.8298125000000001 0.6062777777777778 0.012164062500000128 0.023819444444444414
2 0.8895937500000001 0.613125 0.010101562499999873 0.02233333333333339
2 0.9194765625000001 0.6153472222222223 0.013265625000000014 0.02504166666666663
1 0.05853125 0.3834583333333333 0.023374999999999996 0.01512499999999998
1 0.012718750000000001 0.5117361111111111 0.0212109375 0.013569444444444419
1 0.1930625 0.39852777777777776 0.02023437499999998 0.016277777777777815
1 0.292296875 0.5429722222222222 0.02075781250000004 0.013013888888888896
1 0.4326875 0.5571944444444444 0.022984375000000057 0.011458333333333333
1 0.4597421875 0.4266805555555555 0.021374999999999922 0.011527777777777715
1 0.5928125 0.44005555555555553 0.021640625000000035 0.012777777777777841
1 0.5717578125 0.5723333333333334 0.020882812500000014 0.011736111111111175
1 0.728875 0.45229166666666665 0.020273437500000036 0.011736111111111175
1 0.7138671875 0.587125 0.022765625000000077 0.010111111111111072
1 0.868359375 0.4668055555555556 0.021546874999999945 0.01225000000000007
1 0.8598281249999999 0.6027361111111111 0.023062499999999986 0.01101388888888882