3 0.7606953125 0.10376388888888888 0.011015624999999928 0.09023611111111111
3 0.5610390625 0.06737499999999999 0.014156249999999915 0.09756944444444444
2 0.21461718749999997 0.38511111111111107 0.011320312500000007 0.01768055555555558
2 0.2351015625 0.39002777777777775 0.010648437499999996 0.01790277777777776
2 0.2780078125 0.39995833333333336 0.010085937499999975 0.01719444444444444
2 0.31950781250000004 0.4100972222222222 0.011374999999999958 0.01829166666666661
2 0.34054687499999997 0.41523611111111114 0.011070312499999967 0.01711111111111118
2 0.3620234375 0.42043055555555553 0.011390625000000033 0.019986111111111093
2 0.38303125 0.4250277777777777 0.011679687500000036 0.018277777777777733
2 0.42485156249999995 0.4356666666666667 0.010968749999999972 0.01751388888888891
2 0.5329375 0.4617222222222222 0.010945312499999993 0.018027777777777802
2 0.5540546875000001 0.4670972222222222 0.01166406250000005 0.02056944444444437
2 0.57590625 0.47255555555555556 0.01010156250000005 0.01856944444444445
2 0.597734375 0.47815277777777776 0.011492187500000028 0.017986111111111175
2 0.6423359375000001 0.48891666666666667 0.010875000000000056 0.017611111111111043
2 0.6652265625 0.49406944444444445 0.009492187500000072 0.01705555555555552
2 0.6868828125 0.49951388888888887 0.010906250000000029 0.017555555555555536
2 0.7092578125 0.5047222222222222 0.01015625 0.017749999999999964
2 0.7549140624999999 0.5164166666666666 0.009718750000000043 0.017069444444444394
2 0.7782578124999999 0.5215694444444444 0.009382812499999994 0.015416666666666698
2 0.8022031249999999 0.5269583333333334 0.010609374999999944 0.018305555555555485
2 0.8253828125 0.5327638888888888 0.010406250000000127 0.01824999999999998
2 0.8735078125 0.5444583333333333 0.010195312500000142 0.015597222222222247
2 0.8980859375 0.5493888888888889 0.010039062499999928 0.018916666666666672
2 0.9230078125000001 0.5559583333333333 0.010890625000000043 0.018041666666666678
2 0.947515625 0.5620694444444444 0.01249218749999983 0.019624999999999993
2 0.9968515625000001 0.5737916666666667 0.006289062500000142 0.01943055555555557
2 0.99325 0.699861111111111 0.00890625000000007 0.021680555555555574
2 0.9665078125000001 0.6931666666666666 0.010078125000000071 0.01820833333333335
2 0.9146015625 0.6788333333333333 0.010835937499999915 0.01847222222222216
2 0.8892421875000001 0.6719583333333333 0.010500000000000042 0.016013888888888852
2 0.8630703125 0.6667222222222222 0.0127812500000001 0.021749999999999957
2 0.8380234375000001 0.6596944444444445 0.01092968749999983 0.01988888888888896
2 0.788296875 0.6460833333333333 0.010187499999999971 0.02144444444444452
2 0.7639609375 0.6401388888888888 0.012007812499999914 0.021902777777777754
2 0.739078125 0.6339305555555556 0.010460937500000078 0.018236111111111106
2 0.715375 0.6291111111111111 0.010656250000000079 0.018152777777777847
2 0.6685859375 0.6165138888888889 0.010968749999999972 0.021069444444444387
2 0.644734375 0.6095277777777778 0.011593749999999936 0.01868055555555562
2 0.62153125 0.6025 0.010476562500000064 0.017069444444444394
2 0.59828125 0.5975416666666666 0.011343749999999986 0.017833333333333378
2 0.5527031250000001 0.5863333333333334 0.010875000000000056 0.019833333333333297
2 0.5298203125 0.5808611111111112 0.010718750000000022 0.018388888888888903
2 0.5072421874999999 0.5752083333333333 0.011921874999999993 0.02031944444444444
2 0.48412499999999997 0.5681805555555555 0.011484375000000036 0.019305555555555524
2 0.32806250000000003 0.5297638888888889 0.011460937499999968 0.017819444444444502
2 0.3065078125 0.5247222222222222 0.01060156250000004 0.019847222222222172
2 0.2848125 0.5185833333333333 0.012148437499999965 0.019361111111111187
2 0.2622421875 0.5133194444444444 0.010445312500000003 0.018055555555555554
2 0.21911718750000003 0.5022638888888888 0.010804687500000031 0.018416666666666654
2 0.19680468750000002 0.4969861111111111 0.012328125 0.015916666666666718
2 0.175046875 0.49111111111111116 0.011601562500000018 0.019944444444444463
2 0.1531171875 0.48554166666666665 0.01328125 0.021791666666666744
3 0.0710234375 0.9793333333333334 0.01484375 0.04133333333333332
1 0.2964296875 0.4089583333333333 0.015656249999999972 0.010083333333333321
1 0.40189062499999995 0.4351527777777778 0.016781250000000015 0.010736111111111137
1 0.618453125 0.4876388888888889 0.017257812499999935 0.01040277777777779
1 0.7305546875 0.5146111111111111 0.018937500000000006 0.012013888888888857
1 0.8482890624999999 0.5435277777777777 0.01952343749999983 0.01154166666666659
1 0.9710390625 0.5722222222222222 0.019406250000000114 0.013611111111111048
1 0.9426953125 0.6815138888888889 0.019945312500000156 0.010152777777777702
1 0.8145859375000001 0.6489027777777777 0.020039062500000072 0.011138888888888863
1 0.6931796875 0.617625 0.017812499999999964 0.011625000000000007
1 0.5777812499999999 0.5877916666666666 0.01789062500000007 0.010847222222222147
1 0.352375 0.5310833333333334 0.015976562500000034 0.010944444444444439
1 0.2430078125 0.5033194444444444 0.017226562499999966 0.009652777777777842