3 0.15421093749999998 0.9601805555555556 0.014976562500000012 0.0796249999999999
3 0.6080078125 0.03843055555555556 0.01171875 0.07684722222222222
2 0.16525 0.35294444444444445 0.009507812500000013 0.016138888888888894
2 0.18640625 0.35766666666666663 0.010210937499999994 0.016777777777777794
2 0.2076015625 0.3631527777777778 0.008406249999999994 0.015736111111111128
2 0.2294609375 0.3685416666666667 0.009039062500000038 0.015222222222222272
2 0.2728359375 0.37906944444444446 0.01004687500000001 0.016486111111111118
2 0.2944921875 0.38415277777777773 0.010617187500000024 0.016472222222222242
2 0.3161796875 0.3884722222222222 0.009031249999999958 0.01683333333333334
2 0.33759375 0.39505555555555555 0.009195312499999986 0.018527777777777824
2 0.381390625 0.4041527777777778 0.009039062500000038 0.016222222222222152
2 0.403140625 0.4099027777777778 0.009539062500000028 0.016680555555555542
2 0.4246484375 0.4155138888888889 0.00988281250000007 0.016277777777777815
2 0.447046875 0.4200277777777778 0.009484375000000078 0.01740277777777774
2 0.4904921875 0.4304722222222222 0.009312500000000057 0.01587499999999993
2 0.5124140625 0.4353611111111111 0.009085937500000085 0.01690277777777772
2 0.5354687499999999 0.4406805555555556 0.008664062499999936 0.016027777777777728
2 0.55815625 0.4454722222222222 0.0095703125 0.017555555555555536
2 0.6026484375 0.45679166666666665 0.009234374999999951 0.017236111111111067
2 0.6255468750000001 0.4616805555555556 0.010093750000000058 0.018361111111111147
2 0.6475859374999999 0.46668055555555554 0.007726562500000078 0.016361111111111073
2 0.7164296875 0.48240277777777774 0.008687499999999914 0.01584722222222218
2 0.7404765624999999 0.48834722222222227 0.009843749999999929 0.017819444444444502
2 0.764109375 0.4938055555555556 0.008718750000000063 0.016847222222222215
2 0.787921875 0.4998194444444444 0.008203125 0.01605555555555548
2 0.8363984375 0.5109444444444444 0.008460937499999942 0.01786111111111113
2 0.8608281249999999 0.5157638888888889 0.007921874999999901 0.01665277777777779
2 0.8857265625 0.5214305555555556 0.009007812500000156 0.016152777777777773
2 0.911140625 0.5275416666666667 0.0092890624999999 0.016888888888888846
2 0.96153125 0.5394027777777778 0.008460937499999942 0.016152777777777773
2 0.98734375 0.5447083333333333 0.009828124999999943 0.019486111111111072
2 0.9841953125 0.6733194444444445 0.009640625000000114 0.018986111111111054
2 0.9571249999999999 0.6668611111111111 0.009656250000000099 0.019847222222222172
2 0.9301562499999999 0.6602916666666667 0.009781249999999986 0.018305555555555485
2 0.7999921875 0.6281527777777778 0.011039062500000085 0.020152777777777766
2 0.7504375 0.6155833333333334 0.010789062499999957 0.018722222222222248
2 0.726 0.6092361111111111 0.011898437500000015 0.021819444444444495
2 0.7011953125 0.604125 0.013382812500000086 0.021472222222222274
2 0.676828125 0.5978055555555556 0.012421875000000072 0.022638888888888827
2 0.6282109375 0.5854305555555556 0.010421874999999936 0.020611111111111156
2 0.6054140625 0.5795833333333333 0.011609374999999922 0.022652777777777702
2 0.5584921875 0.5677361111111111 0.010109375000000042 0.019791666666666666
2 0.5114453125 0.5557222222222222 0.009875000000000078 0.020430555555555605
2 0.4883046875 0.5517222222222222 0.0119140625 0.019333333333333275
2 0.4644609375 0.5452777777777779 0.01088281250000005 0.018305555555555485
2 0.4418125 0.5398194444444445 0.01001562499999995 0.017263888888888818
2 0.3958046875 0.5282777777777778 0.011999999999999966 0.021291666666666723
2 0.3730859375 0.5227916666666667 0.010820312500000017 0.019472222222222196
2 0.3502578125 0.5173194444444444 0.011710937500000008 0.021583333333333284
2 0.3277265625 0.5116666666666666 0.011203125000000026 0.01920833333333339
2 0.2818515625 0.5009305555555555 0.011492187500000028 0.01845833333333328
2 0.2597109375 0.49541666666666667 0.011093750000000036 0.020055555555555632
2 0.237015625 0.4885555555555555 0.011117187500000014 0.019402777777777817
2 0.2141484375 0.4834583333333333 0.012320312499999986 0.020861111111111087
2 0.169390625 0.47294444444444445 0.013054687499999985 0.01879166666666663
2 0.14651562499999998 0.4674722222222222 0.011445312499999982 0.0196805555555555
2 0.12364062499999999 0.46170833333333333 0.01291406249999998 0.020972222222222253
2 0.1013203125 0.4577777777777778 0.0126953125 0.019041666666666717
1 0.24901562500000002 0.3776805555555556 0.018289062499999974 0.0119305555555556
1 0.19439062499999998 0.4748472222222222 0.019023437500000018 0.011902777777777847
1 0.30703125 0.5018472222222222 0.01807812499999999 0.00983333333333339
1 0.35739062499999996 0.4040138888888889 0.01732812499999996 0.011208333333333403
1 0.46659375000000003 0.42916666666666664 0.017531250000000043 0.011833333333333309
1 0.42065625000000006 0.5291666666666667 0.01875 0.011944444444444476
1 0.5782109375 0.4562361111111111 0.016664062499999945 0.0099444444444444
1 0.537109375 0.55825 0.016226562499999986 0.010569444444444463
1 0.6547734375 0.586486111111111 0.018562499999999992 0.01186111111111106
1 0.7772187500000001 0.6174027777777777 0.020140624999999978 0.013277777777777703
1 0.9057187499999999 0.6492777777777778 0.019039062499999915 0.010472222222222171
4 0.4276484375 0.25708333333333333 0.07292968749999998 0.05415277777777779
4 0.6408046875 0.30568055555555557 0.08664843750000006 0.058013888888888865
4 0.8639453125 0.3517083333333333 0.09182812499999997 0.06230555555555554
4 0.713859375 0.8226527777777777 0.10744531249999997 0.08418055555555541
4 0.45774218749999995 0.7548333333333334 0.10050781250000007 0.07893055555555545