2 0.088984375 0.48604166666666665 0.014507812499999995 0.03152777777777784
2 0.122796875 0.48283333333333334 0.013656250000000014 0.029041666666666622
2 0.2922578125 0.46841666666666665 0.014585937499999969 0.02968055555555556
2 0.357953125 0.4612222222222222 0.014546875000000004 0.02706944444444446
2 0.425390625 0.4543055555555556 0.015781250000000035 0.025
2 0.489515625 0.4510277777777778 0.01257812499999993 0.0262916666666666
2 0.5221796875 0.44775 0.013859375000000007 0.02563888888888894
2 0.587625 0.4426666666666667 0.013304687499999978 0.025291666666666716
2 0.6210390625 0.4398472222222222 0.01607031249999995 0.02947222222222226
2 0.6530703124999999 0.43522222222222223 0.012765624999999937 0.028069444444444494
2 0.6853515625 0.4343888888888889 0.013265625000000014 0.024444444444444477
2 0.7506796875 0.42790277777777774 0.016273437499999942 0.028291666666666673
2 0.8151484375000001 0.4205833333333333 0.01550781249999993 0.028888888888888825
2 0.84884375 0.4175138888888889 0.017515625000000055 0.029708333333333316
2 0.9143359375 0.4122222222222222 0.012851562499999858 0.025263888888888964
2 0.8990078125000001 0.5783333333333333 0.01753906249999986 0.03350000000000001
2 0.8626484375000001 0.5835972222222222 0.01660937500000017 0.03223611111111116
2 0.826609375 0.5838055555555555 0.017429687499999957 0.028750000000000064
2 0.7950312499999999 0.5859027777777778 0.018343749999999926 0.028999999999999995
2 0.7264921875 0.5937083333333334 0.017117187500000065 0.03283333333333331
2 0.692359375 0.5980555555555556 0.016226562499999986 0.027791666666666655
2 0.657546875 0.6012638888888889 0.017289062500000084 0.02830555555555555
2 0.6238515625 0.6017916666666667 0.013968750000000085 0.021513888888888902
2 0.555046875 0.6135972222222222 0.017734375000000035 0.029402777777777722
2 0.5213281249999999 0.6141111111111112 0.016570312500000028 0.03044444444444439
2 0.486234375 0.6180694444444444 0.013984375000000071 0.03241666666666671
2 0.4531953125 0.6221666666666666 0.015054687499999986 0.030833333333333397
2 0.27842968749999997 0.6375972222222223 0.014374999999999982 0.031736111111111145
2 0.098875 0.6559861111111112 0.01467187499999999 0.0318194444444444
1 0.05646875 0.4979166666666667 0.027640624999999995 0.016749999999999925
1 0.063 0.6525416666666667 0.029906250000000002 0.014999999999999937
1 0.2258828125 0.48105555555555557 0.02759375000000004 0.011819444444444431
1 0.2430859375 0.6336527777777778 0.030007812499999974 0.014541666666666704
1 0.3918671875 0.46431944444444445 0.028843749999999967 0.0196805555555555
1 0.4172890625 0.6152222222222222 0.029398437500000086 0.014986111111111061
1 0.556546875 0.45229166666666665 0.029570312499999928 0.015069444444444476
1 0.5877343749999999 0.602375 0.0333984375 0.01875
1 0.7198046875 0.4362222222222222 0.029148437499999957 0.014361111111111156
1 0.75915625 0.5859722222222222 0.030531249999999944 0.017347222222222236
1 0.883015625 0.42066666666666663 0.02973437499999996 0.016638888888888915
1 0.930109375 0.5678194444444444 0.031156250000000087 0.014444444444444413
4 0.3555703125 0.24606944444444442 0.11062499999999997 0.05923611111111108
4 0.6603749999999999 0.22140277777777778 0.11312499999999996 0.05691666666666669
4 0.8370703125000001 0.875375 0.14095312500000007 0.09099999999999997
4 0.4637421875 0.9119583333333333 0.13305468749999996 0.08641666666666671
4 0.076171875 0.9534722222222223 0.14453125 0.09305555555555556