3 0.3484375 0.09884722222222223 0.009617187499999957 0.08194444444444444
3 0.5262890625 0.0791111111111111 0.009992187499999972 0.09154166666666666
2 0.9884921875 0.4388333333333333 0.011007812500000113 0.018055555555555554
2 0.9669765625 0.44090277777777775 0.011085937500000042 0.01886111111111117
2 0.945 0.44343055555555555 0.010867187499999886 0.0205833333333334
2 0.9022890625000001 0.44638888888888884 0.011226562499999915 0.01923611111111114
2 0.8799140624999999 0.44665277777777773 0.010015625000000129 0.020361111111111066
2 0.8588359375 0.4485138888888889 0.010960937500000156 0.017805555555555626
2 0.8373593749999999 0.4504444444444444 0.0098515625000001 0.017958333333333264
2 0.794921875 0.4521527777777778 0.008703125000000079 0.015819444444444424
2 0.7732890625 0.45418055555555553 0.009164062500000014 0.01711111111111118
2 0.7528359375 0.45618055555555553 0.009328125000000043 0.017263888888888818
2 0.732234375 0.4583055555555556 0.010140625000000014 0.018138888888888812
2 0.6896875 0.4613333333333334 0.010007812499999958 0.01751388888888891
2 0.66909375 0.4631527777777778 0.010046874999999922 0.019444444444444445
2 0.563921875 0.4697777777777778 0.009601562499999971 0.015527777777777708
2 0.5429296875 0.4726111111111111 0.010093750000000058 0.01897222222222218
2 0.5218359375 0.47402777777777777 0.008515625000000072 0.017361111111111112
2 0.4799375 0.4761944444444445 0.009687500000000071 0.018388888888888903
2 0.4588984375 0.47800000000000004 0.010710937500000028 0.01754166666666666
2 0.43783593749999994 0.4800555555555555 0.009187499999999993 0.01831944444444452
2 0.4159921875 0.48175 0.010484375000000056 0.017277777777777854
2 0.3744609375 0.4856388888888889 0.009890624999999976 0.021930555555555505
2 0.3523515625 0.48618055555555556 0.008156250000000042 0.019472222222222196
2 0.266046875 0.492375 0.009210937499999971 0.01740277777777774
2 0.244328125 0.4944027777777778 0.010125000000000028 0.01925000000000002
2 0.2214921875 0.49561111111111106 0.00850781249999999 0.018027777777777802
2 0.199609375 0.4976944444444444 0.00814062499999999 0.01694444444444451
2 0.1549375 0.501 0.007507812500000011 0.018013888888888926
2 0.13121093749999999 0.5024583333333333 0.008156249999999999 0.017583333333333288
2 0.1096015625 0.5038750000000001 0.007421875 0.018194444444444475
2 0.0402109375 0.5095694444444444 0.009210937499999993 0.01850000000000007
2 0.01628125 0.5116666666666666 0.008195312500000001 0.01934722222222215
2 0.012757812499999998 0.62625 0.008023437499999998 0.01751388888888891
2 0.038101562500000005 0.6243194444444444 0.009992187500000005 0.01920833333333339
2 0.0858828125 0.6192361111111111 0.0099609375 0.01934722222222215
2 0.1103359375 0.6189444444444444 0.008882812500000004 0.0196805555555555
2 0.1334765625 0.6147638888888889 0.010203125000000002 0.01897222222222218
2 0.157515625 0.6139722222222223 0.00954687500000002 0.016277777777777815
2 0.2045546875 0.6102222222222222 0.00928906249999999 0.019874999999999924
2 0.228296875 0.6077361111111111 0.008671875000000018 0.01934722222222215
2 0.251171875 0.6061388888888889 0.009445312500000025 0.0205833333333334
2 0.274375 0.6036527777777778 0.008999999999999985 0.020055555555555632
2 0.319 0.5999722222222222 0.008914062499999976 0.019375000000000062
2 0.3425390625 0.5989583333333334 0.009132812500000042 0.018444444444444406
2 0.3645703125 0.5966666666666667 0.01060156250000004 0.019611111111111117
2 0.38753125 0.595375 0.009796874999999972 0.0213055555555556
2 0.4318203125 0.5912499999999999 0.009656249999999922 0.020333333333333314
2 0.45396093750000005 0.5892638888888888 0.009578124999999993 0.01906944444444447
2 0.47565625 0.5869027777777778 0.009875000000000078 0.01988888888888896
2 0.49765625 0.5856666666666667 0.008515625000000072 0.01963888888888887
2 0.541953125 0.5827638888888889 0.009390624999999986 0.019388888888888938
2 0.5638671875 0.5811944444444445 0.009664062499999914 0.01899999999999993
2 0.58565625 0.5794861111111111 0.0099609375 0.021722222222222202
2 0.6965859375 0.5714861111111111 0.01068750000000005 0.020152777777777766
2 0.7618750000000001 0.5660138888888888 0.010062500000000085 0.020305555555555563
2 0.7852187500000001 0.5640694444444444 0.011156249999999979 0.020874999999999963
2 0.8066328125 0.5623333333333334 0.011507812500000015 0.018513888888888944
2 0.8281953124999999 0.5610277777777778 0.010898437499999858 0.02144444444444452
2 0.87346875 0.5577638888888888 0.011476562500000042 0.02048611111111111
2 0.895546875 0.5564722222222223 0.01190624999999983 0.01899999999999993
2 0.9194921875000001 0.5552083333333333 0.010453125000000086 0.02201388888888892
2 0.9414140625 0.5526666666666666 0.010492187499999871 0.021638888888888947
2 0.9872578125 0.5497638888888888 0.010414062499999942 0.02002777777777772
1 0.96290625 0.5471805555555556 0.019195312500000127 0.010486111111111049
1 0.92496875 0.4465833333333334 0.018281250000000072 0.010236111111111118
1 0.8175234375 0.45549999999999996 0.018289062499999887 0.008069444444444369
1 0.8491875 0.5554722222222223 0.018656250000000086 0.011999999999999981
1 0.7119296875 0.4637777777777778 0.01763281249999995 0.00909722222222216
1 0.7387421875 0.5635277777777777 0.01564843749999998 0.009777777777777727
1 0.5172109375 0.5797361111111111 0.015515624999999922 0.008874999999999982
1 0.50146875 0.47927777777777775 0.01714062500000004 0.011208333333333403
1 0.39559375 0.4877638888888889 0.017171875000000014 0.009305555555555619
1 0.40896875 0.5888472222222223 0.01940624999999998 0.010791666666666642
1 0.28714062500000004 0.4956805555555555 0.017820312499999956 0.009249999999999956
1 0.29709375 0.597375 0.018203124999999966 0.008638888888888927
1 0.17708593749999998 0.5029305555555555 0.017460937500000016 0.009638888888888964
1 0.1814609375 0.6071944444444445 0.019125000000000014 0.00852777777777776
1 0.063203125 0.5111111111111111 0.017914062500000005 0.008458333333333377
1 0.0619375 0.6168333333333333 0.019539062499999992 0.009791666666666603
4 0.0656015625 0.3565 0.08333593750000001 0.0409861111111111
4 0.27067968750000004 0.3443611111111111 0.07250781249999996 0.03795833333333335
4 0.47503124999999996 0.3327916666666667 0.07492968750000006 0.0419027777777778
4 0.6721250000000001 0.3190972222222222 0.076953125 0.04063888888888888
4 0.7922734375000001 0.7575555555555556 0.09397656250000005 0.052347222222222295
4 0.5538046875 0.7748888888888888 0.0889687499999999 0.05073611111111107
4 0.31558593749999997 0.7952777777777779 0.09055468749999998 0.059986111111111184
4 0.0605703125 0.8229861111111111 0.1054296875 0.06338888888888902