5 0.19378125 0.8121527777777777 0.006343750000000004 0.021472222222222274
5 0.6989062500000001 0.057166666666666664 0.006210937500000036 0.01686111111111111
5 0.5234453125 0.009000000000000001 0.006507812499999943 0.01798611111111111
2 0.5380703125 0.33981944444444445 0.00990625000000005 0.015097222222222229
2 0.558546875 0.3456666666666667 0.010328125000000021 0.016958333333333304
2 0.5779921875 0.352125 0.011023437499999922 0.01676388888888888
2 0.599 0.35833333333333334 0.010945312499999993 0.018361111111111147
2 0.6392890625 0.37133333333333335 0.009687500000000071 0.01676388888888896
2 0.6598046875 0.3778611111111111 0.01157812499999995 0.01673611111111105
2 0.68059375 0.38430555555555557 0.011828125000000078 0.01800000000000005
2 0.7013984375 0.3912916666666667 0.011312500000000014 0.018708333333333372
2 0.7434062499999999 0.4053888888888889 0.012007812499999914 0.017569444444444412
2 0.7648359375 0.41072222222222227 0.011453125000000064 0.01822222222222223
2 0.7871171875 0.41841666666666666 0.010890625000000043 0.017388888888888863
2 0.8090234374999999 0.4251527777777778 0.011734374999999986 0.016986111111111136
2 0.8533203125 0.43886111111111115 0.009617187499999957 0.01584722222222218
2 0.8752421874999999 0.4456388888888889 0.011351562500000157 0.017833333333333378
2 0.8981718750000001 0.45287499999999997 0.010773437499999972 0.01918055555555548
2 0.9215625 0.46008333333333334 0.011289062499999858 0.018944444444444427
2 0.9682656250000001 0.4746666666666667 0.010765625000000157 0.017249999999999942
2 0.9922656249999999 0.48186111111111113 0.009835937500000114 0.017777777777777715
2 0.992765625 0.6060972222222222 0.0098515625000001 0.016986111111111136
2 0.9671406250000001 0.5975694444444445 0.01121093749999993 0.017875000000000005
2 0.9435390625 0.5895 0.010789062499999957 0.019305555555555524
2 0.9184453124999999 0.5809583333333334 0.011468749999999871 0.01995833333333334
2 0.82359375 0.5494583333333334 0.010679687500000057 0.018041666666666678
2 0.8000390625 0.5424166666666667 0.011781249999999943 0.020013888888888845
2 0.75465625 0.5272222222222223 0.010421874999999936 0.018388888888888903
2 0.73234375 0.5191666666666667 0.010281250000000065 0.019055555555555593
2 0.7096484375000001 0.5124166666666666 0.010812499999999937 0.01731944444444448
2 0.688015625 0.5044166666666666 0.012078125000000028 0.020611111111111156
2 0.6446562499999999 0.49009722222222224 0.011546874999999979 0.01943055555555557
2 0.6017812499999999 0.47538888888888886 0.011734374999999986 0.020222222222222145
2 0.580359375 0.46829166666666666 0.010984374999999958 0.01743055555555549
2 0.5387187499999999 0.4538333333333333 0.01146875000000005 0.018027777777777802
2 0.5180703125 0.4474305555555555 0.012429687500000064 0.018916666666666672
2 0.497734375 0.4411111111111111 0.010695312500000043 0.017472222222222278
2 0.4764765625 0.43359722222222224 0.0115234375 0.01845833333333328
1 0.5622499999999999 0.45831944444444445 0.016445312499999965 0.010777777777777765
1 0.6164921875 0.3685555555555556 0.015976562500000034 0.01026388888888887
1 0.6683515625 0.4938055555555556 0.015968750000000042 0.010763888888888889
1 0.7198984375 0.4020694444444445 0.017070312499999928 0.011708333333333263
1 0.8284375 0.43547222222222226 0.016703125000000086 0.010611111111111092
1 0.779921875 0.5305 0.01819531249999997 0.012402777777777709
1 0.94259375 0.47205555555555556 0.016921874999999885 0.01033333333333341
4 0.579 0.6681944444444444 0.08343749999999997 0.07386111111111104
4 0.79503125 0.26411111111111113 0.07117968749999992 0.05188888888888891
4 0.810734375 0.7560277777777779 0.10342187500000008 0.08155555555555559