3 0.5039765625 0.04168055555555556 0.016390625000000013 0.08336111111111112
2 0.081734375 0.7604444444444444 0.017484374999999996 0.0358749999999999
2 0.125359375 0.7628472222222222 0.018148437500000014 0.03188888888888894
2 0.17082031250000002 0.7657083333333332 0.015734374999999988 0.030527777777777803
2 0.2143515625 0.7667638888888889 0.014179687499999982 0.030805555555555645
2 0.300328125 0.7740416666666666 0.015468749999999965 0.03204166666666658
2 0.345890625 0.7743472222222222 0.016976562500000014 0.03379166666666657
2 0.561375 0.7884861111111111 0.017234374999999958 0.03273611111111102
2 0.605109375 0.7929027777777777 0.016085937499999935 0.036402777777777826
2 0.6492890625000001 0.7936805555555556 0.013507812499999971 0.0313055555555555
2 0.7375 0.8013611111111112 0.01453124999999993 0.031097222222222363
2 0.781609375 0.8033472222222222 0.015210937500000021 0.03283333333333347
2 0.8256640624999999 0.8099305555555555 0.0155390624999999 0.03681944444444443
2 0.8703749999999999 0.8113055555555555 0.013937500000000113 0.03319444444444457
2 0.9602734375 0.8181666666666667 0.012421875000000072 0.03358333333333342
2 0.038101562500000005 0.9845972222222221 0.018679687499999997 0.03079166666666677
2 0.0855625 0.9850277777777778 0.018578125 0.02993055555555549
2 0.132515625 0.9857083333333334 0.014953124999999989 0.028569444444444356
2 0.1790703125 0.9884861111111112 0.014273437499999986 0.0230138888888888
1 0.03603125 0.7672083333333333 0.0358046875 0.020236111111111024
1 0.25640625 0.7795972222222222 0.033906249999999985 0.016722222222222173
1 0.22596093750000001 0.9872222222222221 0.03428125 0.016027777777777728
1 0.6915859375 0.8062777777777778 0.03397656250000001 0.01650000000000015
1 0.914875 0.8241666666666666 0.03314843749999987 0.017250000000000102
4 0.710046875 0.5017361111111112 0.15554687499999992 0.0782777777777778